MARKER CHR POSITION EFFECTALLELE OTHERALLELE STRAND BETA SE P EAF HWE_PVAL CALLRATE N IMPUTED USED_FOR_IMP IMP_QUALITY
rs12748214 1 4499881 A G + 0.010379 0.01993 0.60252 0.078447097790337 0.73863 1 1740 1 NA 0.99544
rs7522354 1 6815640 A G + -0.028998 0.014142 0.040321 0.184099897508353 0.42298 1 1740 1 NA 0.96725
rs12403548 1 14328873 C G + -0.055157 0.018246 0.0025038 0.1014986652151 0.79115 1 1740 1 NA 0.94697
rs1635586 1 17537357 A G + -0.0016472 0.011371 0.88482 0.325829912159306 0.95631 1 1740 0 NA 0.99957
rs12128452 1 20016293 G T + -0.010793 0.01195 0.36644 0.344821389233498 0.95747 1 1740 1 NA 0.88069
rs12033074 1 22839196 G C + -0.0099228 0.011917 0.40502 0.320020158020343 0.73989 1 1740 1 NA 0.92901
rs12737946 1 26952481 G A + -0.0033436 0.020723 0.87182 0.077098582414528 0.23078 1 1740 1 NA 0.96098
rs12120693 1 30638803 A G + 0.010417 0.011432 0.36219 0.315732178323885 0.57785 1 1740 1 NA 0.99364
rs12563385 1 34201522 A G + -0.011454 0.026206 0.66205 0.0460597566413961 0.26045 1 1740 0 NA 0.97569
rs4411102 1 37836011 G C + -0.016954 0.01098 0.12259 0.477846267930387 0.96155 1 1740 1 NA 0.94428
rs570594 1 41346233 C T + -0.030188 0.017741 0.088838 0.114878483886662 0.55276 1 1740 0 NA 0.87595
rs12741488 1 44406722 C T + -0.0098287 0.02682 0.71402 0.050162440134585 0.79696 1 1740 0 NA 0.84104
rs2270973 1 48293364 C A + 0.0056541 0.013163 0.66753 0.289415237233685 0.14287 1 1740 0 NA 0.77124
rs3766762 1 53287104 C T + -0.019915 0.026955 0.46002 0.043980288492162 0.7698 1 1740 0 NA 0.94724
rs1039294 1 55869843 C T + 0.012583 0.01528 0.41021 0.13855641448797 0.31343 1 1740 1 NA 0.99607
rs723714 1 58086775 C T + 0.039984 0.021765 0.066199 0.06064668176054 0.029979 1 1740 0 NA 0.99656
rs10493287 1 60661070 G T + 0.0012891 0.011325 0.90938 0.363906696084733 0.34928 1 1740 0 NA 0.98074
rs11208138 1 63387535 T C + -0.01645 0.015306 0.2825 0.138857844357841 0.12996 1 1740 0 NA 0.9783
rs11208711 1 65920434 T G + 0.00042733 0.011177 0.9695 0.369168186687513 0.56964 1 1740 1 NA 0.99088
rs6701710 1 74124436 T C + 0.0096315 0.016107 0.54985 0.129621694240001 0.45519 1 1740 0 NA 0.99117
rs17099155 1 76792574 G T + -0.035773 0.014544 0.013903 0.15649991024223 0.14444 1 1740 0 NA 0.98218
rs17454842 1 81776337 A T + -0.0017531 0.014937 0.90657 0.145897870911333 0.28684 1 1740 0 NA 0.99581
rs685472 1 84138931 C A + 0.02299 0.015187 0.13009 0.146839965718521 1 1 1740 0 NA 0.98451
rs6576819 1 86450336 A C + -0.0098054 0.018195 0.58995 0.095316699101103 0.48371 1 1740 0 NA 0.98067
rs1226187 1 92351794 A G + -0.0052065 0.011553 0.65223 0.360728212437785 0.56554 1 1740 0 NA 0.93772
rs12060288 1 95601383 G A + -0.026982 0.017677 0.12691 0.109911584359638 0.39054 1 1740 1 NA 0.9504
rs1013024 1 98592125 A G + -0.017134 0.011985 0.15283 0.303831508667405 0.53105 1 1740 0 NA 0.95257
rs11588568 1 101199548 T C + -0.04029 0.01738 0.020444 0.104018878304427 0.36259 1 1740 0 NA 0.98558
rs7553793 1 103391954 C T + 0.0033709 0.011125 0.76188 0.389232773595831 0.20616 1 1740 1 NA 0.99712
rs12046080 1 106526915 T C + 0.011263 0.019869 0.57082 0.0791110287560656 1 1 1740 1 NA 0.99518
rs1149144 1 109192550 T C + -0.0019153 0.017376 0.91223 0.117492399015492 0.81567 1 1740 0 NA 0.91531
rs575208 1 112007914 C T + 0.016854 0.010702 0.11531 0.453684722560022 0.73391 1 1740 0 NA 0.99273
rs1065634 1 115061291 C T + 0.020451 0.024291 0.39983 0.054016572378211 1 1 1740 0 NA 0.93829
rs913180 1 117921094 C G + -0.029093 0.017678 0.099812 0.137129811508799 1 1 1740 1 NA 0.77016
rs4950474 1 144978372 C A + -0.0017322 0.012847 0.89275 0.2185371983138 0.62157 1 1740 0 NA 0.99578
rs4845450 1 150857824 T C + -0.0052581 0.010948 0.63103 0.371685002895194 0.43927 1 1740 1 NA 0.99569
rs1888861 1 155064585 C T + 0.0044123 0.012905 0.73243 0.232800876034207 0.58979 1 1740 0 NA 0.97073
rs10917895 1 162296976 C T + -0.017123 0.011054 0.12138 0.37616033633105 0.91834 1 1740 0 NA 0.98946
rs16856896 1 164539018 A G + -0.038129 0.030217 0.207 0.036594687559717 0.72451 1 1740 0 NA 0.89394
rs2419128 1 166919114 T C + -0.014396 0.010963 0.18913 0.364563728073477 0.32344 1 1740 1 NA 0.99693
rs12409341 1 169030050 G A + -0.0067203 0.014171 0.63533 0.477008695652174 0.49899 1 1740 1 NA 0.55871
rs2009083 1 172244428 G A + -0.017534 0.016885 0.29908 0.11727136917928 0.24218 1 1740 1 NA 0.99243
rs10913319 1 175627583 T C + -0.0056665 0.016669 0.7339 0.110596409959467 0.11014 1 1740 1 NA 1
rs2298206 1 178411711 A G + 0.0022753 0.024776 0.92683 0.049131441806601 1 1 1740 1 NA 0.99373
rs12407471 1 181249084 A C + -0.019836 0.016271 0.2228 0.120638937304928 0.051947 1 1740 0 NA 0.96419
rs5007032 1 187034541 A G + 0.0015724 0.012739 0.90177 0.323855562837473 0.47499 1 1740 1 NA 0.8163
rs1246726 1 189616237 T C + 0.012247 0.010737 0.25402 0.484787505718439 1 1 1740 0 NA 0.98765
rs1359489 1 192534496 G A + -0.0004513 0.012266 0.97065 0.260024783290966 0.7073 1 1740 1 NA 0.99338
rs388338 1 195171556 A C + -0.010878 0.014156 0.44221 0.198866960546361 0.82055 1 1740 1 NA 0.89529
rs2816932 1 198247901 C T + -0.0076473 0.017832 0.66803 0.103199879555746 0.51233 1 1740 1 NA 0.98229
rs598782 1 200839219 T C + 0.009073 0.016695 0.58682 0.20253670633771 0.062385 1 1740 1 NA 0.66169
rs6593926 1 203355736 T C + -0.016192 0.02991 0.58825 0.0342627175077449 0.25989 1 1740 1 NA 0.97847
rs2501908 1 208805373 T A + 0.0073386 0.025785 0.77594 0.0491585884206015 0.29884 1 1740 1 NA 0.89142
rs11120144 1 211737377 A C + -0.013913 0.011703 0.23451 0.279877127256093 0.15167 1 1740 1 NA 0.99563
rs1006236 1 214104268 T C + -0.0049936 0.020978 0.81185 0.0680088941389014 0.24926 1 1740 0 NA 0.99206
rs10495065 1 215899823 G C + -0.018306 0.013665 0.18036 0.186363636363636 0.63364 1 1740 0 NA 0.99291
rs12403850 1 218146004 T C + -0.00035593 0.013592 0.97911 0.195429223321211 0.93906 1 1740 0 NA 0.98219
rs12408622 1 221728726 T C + 0.028207 0.024261 0.24496 0.0523818347104567 1 1 1740 0 NA 0.98182
rs2073489 1 225130294 T C + 0.0023673 0.011204 0.83266 0.387286501138081 0.72248 1 1740 0 NA 0.94618
rs910501 1 228311492 T C + 0.0036278 0.01362 0.78996 0.194844149000851 0.35731 1 1740 0 NA 0.99805
rs7537892 1 230604463 G C + 0.0088026 0.01405 0.53099 0.188405839061025 0.13375 1 1740 0 NA 0.97778
rs6698270 1 232672626 G A + 0.0071456 0.018446 0.69848 0.0987631086738741 0.019755 1 1740 1 NA 0.99019
rs1252168 1 235236380 G C + -0.021179 0.015803 0.18019 0.151558270687587 0.85137 1 1740 0 NA 0.89229
rs2689140 1 237080072 C T + -0.0060996 0.010871 0.57474 0.411696583671106 0.80399 1 1740 1 NA 1
rs10926413 1 239337838 A G + -0.014955 0.019629 0.44611 0.111425673717763 0.80853 1 1740 0 NA 0.75137
rs6672888 1 242257346 C T + 0.0296 0.021329 0.1652 0.077465196543976 0.17656 1 1740 1 NA 0.90531
rs12618964 2 768436 G A + -0.0058127 0.014316 0.68473 0.297356853739721 0.41927 1 1740 1 NA 0.65174
rs9789631 2 3195874 A C + -0.0021891 0.027787 0.93721 0.046500584876597 0.26254 1 1740 1 NA 0.85524
rs6431987 2 5506380 A G + -0.0030845 0.011107 0.78124 0.556533151011942 0.66065 1 1740 0 NA 0.92453
rs16866010 2 7265830 A G + -0.012003 0.012748 0.34643 0.231702374059062 0.58853 1 1740 0 NA 0.9983
rs287979 2 9888418 T C + 0.018615 0.012593 0.13934 0.230527150814698 0.63429 1 1740 1 NA 0.99741
rs6751582 2 12207046 A T + -0.00045558 0.011978 0.96966 0.29303863819337 0.44988 1 1740 1 NA 0.97603
rs10495638 2 14362603 T A + -0.0026073 0.010797 0.80917 0.402591348659448 0.39529 1 1740 0 NA 0.99424
rs11889461 2 16564208 A G + 0.018931 0.01201 0.11496 0.269863925883034 1 1 1740 1 NA 0.99988
rs6754588 2 18710954 A G + 0.014113 0.014141 0.31828 0.181516546512638 0.32973 1 1740 1 NA 0.98132
rs13011734 2 23558894 A G + -0.0028329 0.011299 0.80203 0.384654863458962 0.30863 1 1740 0 NA 0.91914
rs6731938 2 29972066 G A + 0.003341 0.012734 0.79303 0.232510871894055 0.83953 1 1740 0 NA 0.98867
rs1022719 2 32856243 G T + -0.0059454 0.010766 0.58078 0.410709115545416 0.4262 1 1740 1 NA 0.99389
rs1898667 2 34875923 C A + 0.0088271 0.010876 0.41702 0.438153284882879 0.88338 1 1740 0 NA 0.97292
rs17018986 2 36604925 G A + 0.0090388 0.036725 0.80559 0.0240731197489331 0.62319 1 1740 1 NA 0.91736
rs1529625 2 38799205 C A + -0.0071413 0.011626 0.53904 0.352726135093015 0.87447 1 1740 1 NA 0.91882
rs17685188 2 41205135 T A + -0.012615 0.010811 0.24326 0.471944920554037 0.56232 1 1740 1 NA 0.99056
rs766829 2 43203184 T C + 0.022025 0.016098 0.17125 0.152497697240744 0.4013 1 1740 1 NA 0.86596
rs11904395 2 45409892 G A + -0.0083216 0.019772 0.67385 0.0902971283578285 0.30294 1 1740 0 NA 0.91185
rs1404770 2 47277766 A T + -0.00060824 0.012886 0.96235 0.224163891704068 0.36851 1 1740 1 NA 0.96361
rs4527244 2 49708835 T C + 0.0068727 0.014887 0.64433 0.156999166145508 0.78424 1 1740 0 NA 0.97737
rs2698032 2 51619359 G A + 0.021813 0.011017 0.047713 0.442683202326268 0.3055 1 1740 1 NA 0.97518
rs6545320 2 53204602 G A + 0.0092019 0.011131 0.40841 0.35495169502337 0.0084557 1 1740 1 NA 0.9427
rs2576722 2 55315327 T A + -0.019932 0.014713 0.1755 0.165339487583395 0.54098 1 1740 1 NA 0.96644
rs2612314 2 57724851 C T + -0.0015613 0.01112 0.88834 0.395745025826327 0.36521 1 1740 1 NA 0.98402
rs7581043 2 60382263 C T + 0.0012935 0.025658 0.95979 0.050963325862998 1 1 1740 0 NA 0.89008
rs1025212 2 64377262 A G + -0.0075324 0.012075 0.53276 0.279896435480695 1 1 1740 0 NA 0.96816
rs9309393 2 66749769 G A + -0.0078065 0.014712 0.59567 0.152402763221133 0.19249 1 1740 0 NA 0.98621
rs4854436 2 68738170 G A + 0.0090699 0.010602 0.39226 0.474690950378275 0.053461 1 1740 0 NA 0.96925
rs7419694 2 71375621 T G + -0.007535 0.017869 0.67326 0.102943901422152 0.29887 1 1740 1 NA 0.9912
rs363674 2 74667124 T C + -0.0038824 0.024566 0.87443 0.0507000497967597 0.62124 1 1740 0 NA 0.99632
rs10208376 2 76802502 T C + -0.023396 0.013658 0.086716 0.202811117032369 0.33298 1 1740 0 NA 0.92115
rs10188590 2 79009064 C A + -0.00082651 0.015246 0.95677 0.143172724482765 1 1 1740 1 NA 0.99896
rs2862349 2 80752524 G T + -0.0020125 0.011055 0.85556 0.395264401361962 0.48096 1 1740 0 NA 0.99013
rs7578319 2 83768063 T C + -0.0051006 0.011714 0.66326 0.319803126809496 0.059834 1 1740 0 NA 0.99951
rs13023154 2 86370495 A G + 0.0064774 0.010903 0.55245 0.418825641322601 0.72945 1 1740 0 NA 0.97467
rs11674781 2 101443532 A G + -0.0080076 0.011267 0.47727 0.327764813517316 0.47752 1 1740 1 NA 0.9985
rs9308870 2 103980227 G A + -0.044536 0.032802 0.17455 0.0273650565714352 1 1 1740 1 NA 0.99938
rs7575343 2 106501602 T C + -0.006048 0.011565 0.60099 0.474412428166335 0.77197 1 1740 0 NA 0.84782
rs17269605 2 109083526 C T + 0.018576 0.02033 0.36086 0.075717743523226 0.48544 1 1740 1 NA 0.99901
rs895415 2 113739687 A G + -0.0036554 0.010885 0.73701 0.395343922084088 0.80142 1 1740 1 NA 0.99802
rs1472777 2 116851977 C A + 0.017181 0.019148 0.36959 0.0876313732302614 0.76326 1 1740 1 NA 0.96272
rs11679232 2 119338380 T C + 0.027556 0.012851 0.032009 0.256504660877021 0.61358 1 1740 1 NA 0.91594
rs12616653 2 122552911 G C + -0.01797 0.016785 0.28436 0.109697629442624 0.13687 1 1740 0 NA 0.99573
rs780012 2 124758844 G A + 0.0008904 0.01125 0.93691 0.336649314703617 0.55306 1 1740 1 NA 0.99051
rs13032403 2 127431465 G A + 0.020725 0.020302 0.30732 0.0717884130982368 0.14369 1 1740 1 NA 0.99984
rs1012734 2 130092481 T C + 0.0071221 0.010542 0.49929 0.471013317892299 0.2465 1 1740 0 NA 0.99935
rs12989210 2 134244170 T C + -0.020759 0.015049 0.16776 0.143549078191588 0.37765 1 1740 0 NA 0.99927
rs1427599 2 137264012 C T + 0.0063888 0.018015 0.72286 0.100181242291412 0.50217 1 1740 1 NA 0.99174
rs7608213 2 139707777 A G + -0.011443 0.014078 0.41631 0.177220430449963 0.74196 1 1740 0 NA 0.97717
rs2714174 2 141835471 T C + 0.009054 0.011017 0.41116 0.380336261966953 0.64584 1 1740 0 NA 0.98291
rs6745506 2 144225895 T C + -0.016909 0.015292 0.26886 0.154764318443812 0.64467 1 1740 0 NA 0.94117
rs6430212 2 148083779 C T + 0.0011996 0.010961 0.91285 0.421362725682984 0.37422 1 1740 1 NA 0.9926
rs4664723 2 151244278 T G + -0.0028065 0.011387 0.80531 0.350143616590033 0.45887 1 1740 0 NA 0.98257
rs1371402 2 153796744 A G + 0.017083 0.01389 0.21876 0.181239143022582 0.87111 1 1740 1 NA 1
rs1520343 2 156375700 C A + 0.011106 0.011102 0.31715 0.375335213812836 0.83721 1 1740 1 NA 0.97809
rs17811857 2 159608200 G A + -0.0080536 0.012743 0.52739 0.298909706049336 0.18621 1 1740 0 NA 0.8653
rs7571944 2 162678192 C G + -0.0098658 0.012771 0.4398 0.363182102918658 0.14501 1 1740 1 NA 0.72974
rs6706169 2 165989378 A G + 0.032976 0.01248 0.0082335 0.251819682098497 0.52309 1 1740 0 NA 0.98556
rs10167007 2 168790606 A T + 0.012343 0.010829 0.25437 0.489745163550455 0.26787 1 1740 1 NA 0.99776
rs9646736 2 174238711 G A + 0.0020997 0.015075 0.88923 0.151496551764072 1 1 1740 0 NA 0.97369
rs17670349 2 177389376 T C + -0.018365 0.027618 0.50608 0.0397107105426204 1 1 1740 1 NA 0.98596
rs11678205 2 179894334 T A + 0.003694 0.011319 0.74416 0.324735373141242 0.58333 1 1740 1 NA 0.99933
rs155111 2 182061512 G A + 0.0057465 0.012394 0.64289 0.342385349820003 0.5565 1 1740 1 NA 0.83469
rs12693374 2 184914441 G A + 0.00063273 0.012828 0.96066 0.212181309677531 0.083492 1 1740 0 NA 0.99087
rs16829329 2 188435079 A G + -0.012172 0.016117 0.45013 0.130974373823657 0.59597 1 1740 0 NA 0.94963
rs13029247 2 191574903 C T + -0.016029 0.013198 0.22457 0.271989151033608 0.76077 1 1740 0 NA 0.83201
rs12613072 2 195614676 A G + 0.016058 0.015608 0.30355 0.13132965448555 0.29007 1 1740 0 NA 0.99584
rs16824410 2 199005996 T C + -0.042112 0.017846 0.018287 0.112025323787679 0.27374 1 1740 1 NA 0.8725
rs16838482 2 202522667 G C + -0.00094514 0.021088 0.96425 0.0718468533696313 0.71457 1 1740 0 NA 0.9675
rs11687914 2 206072732 T C + 0.0079957 0.010751 0.45705 0.436521034193231 0.84478 1 1740 0 NA 0.99405
rs10170780 2 209224978 G A + 0.01082 0.035601 0.76119 0.0360311320099141 1 1 1740 0 NA 0.64651
rs17406681 2 212111632 T C + -0.0073925 0.012859 0.56535 0.232350198924015 0.73584 1 1740 0 NA 0.97222
rs2738287 2 217058081 T C + -0.010582 0.01203 0.37903 0.288951431235269 0.11351 1 1740 0 NA 0.99595
rs11883934 2 220316701 G C + -0.0044108 0.01612 0.78437 0.1259930745356 0.91258 1 1740 1 NA 0.99755
rs2113402 2 222585628 G C + -0.05616 0.021558 0.0091872 0.0698324184096542 1 1 1740 1 NA 0.94414
rs6748928 2 224985250 G C + 0.018989 0.013817 0.16934 0.181727372748856 0.33031 1 1740 1 NA 0.97693
rs11695483 2 230232977 G A + 0.0058645 0.010616 0.58068 0.440957443728321 0.22252 1 1740 1 NA 0.99473
rs4973588 2 233543219 A G + -0.0038139 0.014194 0.78816 0.172705530815869 0.8004 1 1740 0 NA 0.98159
rs2380270 2 235339322 C T + -0.031614 0.016037 0.048691 0.128600132019316 0.66753 1 1740 1 NA 0.99954
rs1504071 3 1094192 G A + 0.0065176 0.011952 0.58555 0.265980056056149 0.13867 1 1740 1 NA 0.98374
rs2675301 3 2718000 A G + -0.0047911 0.014788 0.74596 0.17072873930881 0.44321 1 1740 0 NA 0.93855
rs9879475 3 6385960 C T + 0.012845 0.010583 0.22486 0.480992171032821 0.22803 1 1740 0 NA 0.98783
rs458458 3 8160570 C T + -0.015071 0.011658 0.19611 0.293390272148234 0.68486 1 1740 0 NA 0.99995
rs1003274 3 10513529 C T + -0.012596 0.015956 0.42989 0.150370821020917 0.088397 1 1740 0 NA 0.83783
rs360877 3 13080701 A G + 0.0046013 0.011732 0.6949 0.35077152177818 0.67268 1 1740 1 NA 0.91762
rs9647358 3 15662846 A T + -0.017306 0.012817 0.17691 0.262540042982847 0.90096 1 1740 0 NA 0.89867
rs17044564 3 18524622 G C + -0.0073034 0.019936 0.71411 0.0806997023775058 0.19597 1 1740 0 NA 0.99735
rs9873271 3 21410993 C A + -0.030684 0.02926 0.29433 0.0358487069913954 1 1 1740 0 NA 0.9607
rs2364118 3 25426465 G A + 0.0046529 0.013412 0.72866 0.202532745023104 0.55052 1 1740 0 NA 0.99333
rs7613696 3 30284574 T C + -0.0072894 0.012101 0.54693 0.258966415749855 0.61579 1 1740 1 NA 0.99908
rs6809722 3 32846040 G A + -0.011408 0.011055 0.30209 0.48043895064267 0.88497 1 1740 0 NA 0.93631
rs4419340 3 36022378 G A + -0.016169 0.013758 0.2399 0.209480511959229 0.38249 1 1740 0 NA 0.92706
rs6806378 3 42191762 T C + 0.020775 0.015133 0.16983 0.148339558180607 0.70201 1 1740 1 NA 0.99337
rs3914472 3 45402434 G C + 0.0059765 0.01235 0.62844 0.248368397584012 0.56163 1 1740 1 NA 0.98451
rs2168866 3 50714701 A G + -0.0089217 0.016913 0.59785 0.116717525868708 0.72523 1 1740 1 NA 0.95558
rs2261210 3 54830973 T C + -0.0069142 0.01221 0.57119 0.282686444313057 0.19101 1 1740 1 NA 0.97409
rs727977 3 57470138 C G + 0.008009 0.013559 0.55472 0.19367447031506 1 1 1740 1 NA 0.99099
rs2630200 3 60032200 A G + 0.00047981 0.012248 0.96875 0.257364139089146 0.94975 1 1740 0 NA 0.99455
rs17766381 3 61969241 G T + -0.0018223 0.016356 0.91129 0.127237507311169 0.081527 1 1740 0 NA 0.91645
rs27959 3 64112083 T C + -0.0039296 0.021786 0.85686 0.0817921703320572 0.25768 1 1740 1 NA 0.77548
rs332373 3 66513877 T C + -0.012853 0.024772 0.60388 0.051024662547556 0.44881 1 1740 1 NA 0.93998
rs3937845 3 68931316 C T + -0.0077026 0.011555 0.50502 0.349448449578737 0.022858 1 1740 1 NA 0.99138
rs4995840 3 71830763 T C + 0.0039638 0.013706 0.77243 0.186663578191505 0.52523 1 1740 1 NA 0.98084
rs9880722 3 74069410 A G + 0.015292 0.015327 0.31841 0.190748714857809 0.63961 1 1740 0 NA 0.79597
rs17821010 3 77341378 A C + -0.0068081 0.011931 0.56826 0.272844138697797 0.42997 1 1740 1 NA 0.98674
rs965638 3 80536389 G A + -0.015666 0.011593 0.17661 0.319014887863293 0.43788 1 1740 1 NA 0.99335
rs12632249 3 83895513 A G + -0.017073 0.014903 0.25197 0.145073219879675 0.1441 1 1740 1 NA 0.99546
rs11713492 3 90060856 A T + -0.0070878 0.012512 0.57106 0.272492702251876 0.50422 1 1740 0 NA 0.931
rs13070471 3 98062005 C T + 0.0038113 0.015415 0.80472 0.261037786704227 0.41714 1 1740 0 NA 0.60911
rs793462 3 101099151 A G + 0.0034134 0.011302 0.76263 0.352307469600463 0.36972 1 1740 1 NA 0.99806
rs4579021 3 104416277 T C + 0.0012158 0.010883 0.91105 0.483855834776414 0.8851 1 1740 1 NA 0.96523
rs674428 3 106771383 A T + 0.0062111 0.014027 0.65792 0.17786418223298 0.74189 1 1740 0 NA 0.99788
rs6769972 3 109547116 T G + 0.004204 0.011508 0.71489 0.323361320208454 0.44155 1 1740 0 NA 0.99942
rs1489026 3 112479594 G A + 0.0035942 0.014152 0.79952 0.167791958122944 0.1963 1 1740 1 NA 0.98597
rs6764048 3 114815549 G A + 0.01808 0.011043 0.10158 0.364145796168014 0.076964 1 1740 1 NA 0.96464
rs9851280 3 118052873 G C + 0.0057441 0.026344 0.8274 0.0486420753952169 1 1 1740 1 NA 0.87877
rs9856011 3 123576260 A G + 0.0086971 0.014041 0.53565 0.174881867877328 0.45203 1 1740 1 NA 0.97961
rs12493775 3 126212975 T A + 0.003849 0.010741 0.72009 0.522404048826813 0.80946 1 1740 1 NA 0.99464
rs782437 3 128899892 G A + 0.010298 0.010851 0.34262 0.413533573204012 0.42757 1 1740 0 NA 0.97775
rs16837372 3 132858470 C T + -0.012744 0.033939 0.70729 0.032169788372659 0.68743 1 1740 0 NA 0.78176
rs7646473 3 135182189 A G + 0.015322 0.011906 0.1981 0.350761536054154 0.1862 1 1740 0 NA 0.91063
rs11717522 3 141583716 A G + 0.0074005 0.01064 0.4867 0.448187008535131 0.46537 1 1740 1 NA 0.99726
rs13061398 3 144742512 T C + -0.0060302 0.015717 0.70123 0.134648122198932 0.75592 1 1740 1 NA 0.99613
rs13066987 3 147180669 A G + -0.019698 0.042169 0.64042 0.017304875012305 1 1 1740 1 NA 0.95727
rs275644 3 149948230 T C + -0.014334 0.027803 0.60616 0.0442057103144727 0.25424 1 1740 0 NA 0.84214
rs4234327 3 152705054 A T + 0.00092502 0.01289 0.94279 0.2183099407078 0.88789 1 1740 0 NA 0.99882
rs2122364 3 155413651 T A + -0.011773 0.01189 0.32211 0.360005909001379 0.25025 1 1740 1 NA 0.89981
rs10513510 3 158553510 C T + 0.0092874 0.012685 0.46406 0.237531341745178 0.54934 1 1740 0 NA 0.99118
rs11922142 3 163887892 T G + 0.0035913 0.014042 0.79814 0.176549951070938 1 1 1740 0 NA 0.99287
rs11923554 3 166693147 C T + -0.032011 0.028679 0.26435 0.037247533237597 0.50859 1 1740 1 NA 0.95198
rs12630461 3 169844585 G T + -0.0017618 0.019041 0.92628 0.086719713685088 0.53984 1 1740 0 NA 0.9732
rs7638344 3 172930093 A G + 0.0097957 0.011618 0.39914 0.308881348473355 0.65202 1 1740 0 NA 0.99735
rs6786118 3 175613570 A G + -0.0054825 0.010793 0.61148 0.468459208903455 0.46874 1 1740 1 NA 0.99797
rs6790465 3 181391715 G A + -0.021045 0.012461 0.091239 0.245330052113492 0.79488 1 1740 1 NA 0.98246
rs1976700 3 185375965 G C + -0.029641 0.012419 0.016998 0.316967132340154 0.78084 1 1740 1 NA 0.85946
rs9815677 3 188631712 T C + -0.021481 0.015654 0.16999 0.147909390511604 0.44392 1 1740 1 NA 0.94077
rs1950084 3 190890838 A G + -0.00088564 0.01692 0.95826 0.115920542074477 0.48156 1 1740 0 NA 0.95367
rs9854373 3 192914977 A C + -0.038702 0.035755 0.27907 0.0350983866671301 0.71999 1 1740 1 NA 0.66216
rs7644002 3 196545487 G C + -0.0016525 0.01344 0.90215 0.195170472643875 0.055073 1 1740 1 NA 0.95742
rs195110 4 5465718 C G + 0.010316 0.011444 0.36737 0.323662252384234 0.82584 1 1740 0 NA 0.99743
rs744357 4 7573991 T C + 0.0012178 0.012613 0.92308 0.564557659407893 0.08642 1 1740 0 NA 0.69908
rs4697995 4 9873374 A C + 0.0020303 0.020434 0.92085 0.075031847133758 1 1 1740 1 NA 0.98592
rs6846945 4 11965539 G A + 0.0088606 0.011103 0.42486 0.35558688816959 0.6742 1 1740 1 NA 0.99555
rs2867711 4 14057383 C T + -0.0076137 0.01071 0.47716 0.47166184134337 0.96149 1 1740 0 NA 0.99729
rs12512316 4 21480772 G A + 0.0031833 0.011139 0.77504 0.466275787313714 0.69879 1 1740 0 NA 0.91326
rs7699760 4 29404765 G A + 0.018514 0.015501 0.23233 0.140187159427172 1 1 1740 1 NA 0.98446
rs13124843 4 31978367 G A + -0.042648 0.020491 0.037402 0.072393945360001 0.47158 1 1740 0 NA 0.99195
rs1991227 4 35334871 G A + -0.0226 0.029221 0.43928 0.0335815494009809 0.11329 1 1740 1 NA 0.97488
rs2911927 4 37436772 A G + -0.0063192 0.019092 0.74066 0.0882335910130581 0.36967 1 1740 0 NA 0.99444
rs3105209 4 40168541 G A + 0.0087116 0.019333 0.65227 0.121279050219416 0.13954 1 1740 0 NA 0.68739
rs7663681 4 42804500 A G + -0.023145 0.012828 0.071189 0.23744433699498 0.54934 1 1740 0 NA 0.97041
rs7675404 4 53157921 C G + 0.0048288 0.016648 0.77178 0.118666002698336 0.41782 1 1740 1 NA 0.99955
rs11727729 4 56161633 C T + 0.019394 0.019557 0.32136 0.080009727626459 0.51122 1 1740 1 NA 0.99472
rs17603347 4 58850166 T C + 0.010138 0.013198 0.44241 0.249245343144355 0.65239 1 1740 1 NA 0.88427
rs2631048 4 61496854 C G + -0.00017858 0.017968 0.99207 0.097989876995066 1 1 1740 1 NA 0.99427
rs6838703 4 64857008 A G + 0.006658 0.013808 0.62966 0.183521911335526 1 1 1740 1 NA 0.99378
rs6552052 4 67529086 G A + 0.015457 0.017458 0.37594 0.103011001737116 0.43553 1 1740 0 NA 0.99316
rs13151337 4 71079707 T C + 0.012121 0.010764 0.26013 0.507974426240901 0.96159 1 1740 0 NA 0.98403
rs12503874 4 74841242 C G + -0.0041768 0.011785 0.72302 0.501599035943547 0.70005 1 1740 0 NA 0.81118
rs9991757 4 77847168 G A + -0.0025996 0.011045 0.81392 0.350440069484656 0.2901 1 1740 1 NA 0.99738
rs12509468 4 80578442 A G + 0.0051681 0.015282 0.73523 0.152694298717993 0.30461 1 1740 0 NA 0.96423
rs6832679 4 83752730 G A + 0.0093625 0.025528 0.7138 0.0472292993630573 1 1 1740 0 NA 0.97504
rs13106652 4 86814840 C T + -0.012652 0.014156 0.37147 0.173022803340012 0.67427 1 1740 1 NA 0.9816
rs17014661 4 89982741 G A + 0.0062498 0.026148 0.8111 0.0422698320787493 0.22938 1 1740 1 NA 1
rs10516898 4 92808933 T A + 0.015194 0.027877 0.58572 0.0387822461565187 1 1 1740 0 NA 0.99084
rs6815593 4 96172124 G A + 0.02738 0.011226 0.014734 0.344177953293919 0.70904 1 1740 0 NA 0.9907
rs1598538 4 98868989 C G + 0.027056 0.01537 0.078354 0.140222577357791 1 1 1740 1 NA 0.99826
rs1827303 4 101713880 T C + -0.0077905 0.011707 0.50577 0.299550084250633 0.77438 1 1740 0 NA 0.99678
rs4591675 4 111406064 C T + -0.0020607 0.013162 0.87558 0.21416740026873 0.39117 1 1740 1 NA 0.95607
rs13115070 4 114512836 G A + 0.01728 0.017997 0.33697 0.0990219978112207 0.78583 1 1740 1 NA 0.99061
rs7686961 4 117738131 A G + -0.0031108 0.01691 0.85404 0.110596409959467 0.6247 1 1740 1 NA 1
rs7697022 4 119875125 G A + 0.0042287 0.012356 0.73216 0.260256439955523 0.57374 1 1740 1 NA 0.95446
rs523228 4 122588522 C T + 0.0033686 0.011021 0.75988 0.361916490394367 0.23047 1 1740 0 NA 0.98607
rs10518518 4 128357043 C G + -0.0020196 0.011978 0.8661 0.270161266973566 0.42754 1 1740 0 NA 0.98616
rs2054931 4 131780586 C T + -0.0024744 0.013008 0.84914 0.210264219992241 0.66315 1 1740 0 NA 0.99943
rs2660692 4 134839143 T C + -0.019506 0.012326 0.11352 0.257173632304654 0.94977 1 1740 1 NA 0.98159
rs11732270 4 137982674 C G + -0.0041395 0.018033 0.81844 0.102890417781484 0.29887 1 1740 0 NA 0.97318
rs6840907 4 140981870 T C + -0.017987 0.011379 0.11393 0.354521966818055 0.46118 1 1740 0 NA 0.9786
rs191762 4 143903152 C T + 0.0025416 0.011076 0.81851 0.342501447596989 0.21955 1 1740 1 NA 1
rs17656106 4 147993303 C T + 0.02739 0.024152 0.25676 0.051271287036983 0.80211 1 1740 1 NA 0.99682
rs7657457 4 151430211 C T + -0.009879 0.011909 0.40678 0.304121860685973 0.21063 1 1740 0 NA 0.97791
rs938717 4 155114044 C T + 0.005098 0.012544 0.68443 0.235950989872553 1 1 1740 1 NA 0.99989
rs12650506 4 163709229 C T + -0.038619 0.024894 0.12082 0.050995413800292 0.31703 1 1740 0 NA 0.97729
rs13110546 4 166567357 G A + 0.013512 0.011495 0.23982 0.301338174153725 0.33082 1 1740 1 NA 0.99733
rs13145897 4 169529757 A G + -0.0052649 0.011972 0.66011 0.296873099621807 0.48849 1 1740 0 NA 0.96766
rs7695786 4 172389093 A C + -0.0097168 0.016642 0.5593 0.118702953097858 0.49165 1 1740 1 NA 1
rs4147100 4 175629744 A G + -0.0049438 0.016816 0.76876 0.12138224564248 0.82185 1 1740 0 NA 0.93903
rs997164 4 178256575 A C + 0.0089768 0.011035 0.41594 0.370262711422764 0.8769 1 1740 0 NA 0.99709
rs10001176 4 180742432 C A + -0.031246 0.024494 0.20207 0.0521858714533874 0.45968 1 1740 1 NA 0.94018
rs12498571 4 182711009 G C + 0.0032908 0.010828 0.7612 0.501465392412395 0.9616 1 1740 0 NA 0.97259
rs4241784 4 185269979 T G + -0.0089248 0.010928 0.41411 0.393091867164654 0.87969 1 1740 0 NA 0.99357
rs6834299 4 187934009 T C + -0.013565 0.011328 0.23112 0.334364105949527 0.82864 1 1740 1 NA 0.98904
rs10866321 4 190604648 G A + 0.01218 0.010953 0.26615 0.446737235872165 0.24257 1 1740 0 NA 0.98801
rs11949831 5 2457605 G A + -0.015939 0.011662 0.1717 0.288161750228739 0.2646 1 1740 1 NA 0.992
rs634344 5 3997125 G A + -0.021266 0.01919 0.26778 0.0779105722127645 0.0034646 1 1740 0 NA 0.99667
rs187632 5 5839702 A G + 0.020946 0.01154 0.069505 0.415083782686844 0.42758 1 1740 0 NA 0.86385
rs268485 5 9479201 G C + -0.025489 0.022433 0.25588 0.0595606202735411 0.19541 1 1740 0 NA 0.97933
rs27482 5 14218187 A G + -0.013752 0.012088 0.25526 0.265060799073538 1 1 1740 1 NA 0.99863
rs6896683 5 17041253 A G + 0.0046229 0.013907 0.73957 0.218553140194607 0.67202 1 1740 1 NA 0.85222
rs6887371 5 22988324 T G + 0.015586 0.013525 0.24916 0.181951369224444 0.035496 1 1740 1 NA 0.99331
rs11952604 5 25608966 G A + 0.0015194 0.010769 0.8878 0.417345201417684 0.42843 1 1740 0 NA 0.98895
rs10070482 5 28505339 T C + -0.016611 0.022768 0.46566 0.0581746803779878 0.82596 1 1740 1 NA 0.99959
rs11748731 5 30913817 T C + 0.025069 0.023883 0.29387 0.05808909967976 0.82596 1 1740 1 NA 0.90876
rs13159550 5 33257249 T C + -0.0072414 0.011907 0.54308 0.30366273851232 0.60838 1 1740 1 NA 0.96224
rs6882117 5 35844504 C A + -0.0036168 0.012196 0.7668 0.277118167970764 0.54791 1 1740 0 NA 0.96953
rs2455305 5 40965572 A G + -0.01969 0.01521 0.19546 0.150419545188694 1 1 1740 1 NA 0.96172
rs10940241 5 51568114 A G + 0.014946 0.014633 0.30707 0.162772518023104 0.37618 1 1740 0 NA 0.99753
rs3776644 5 53617522 T C + 0.026503 0.016289 0.10372 0.124337705202814 0.65788 1 1740 0 NA 0.99877
rs16886034 5 56019613 C T + 0.014542 0.026069 0.57697 0.064862704668794 0.8414 1 1740 0 NA 0.69776
rs159725 5 58215044 T A + 0.016893 0.018102 0.35071 0.0995460178118522 0.89312 1 1740 1 NA 0.97153
rs10514916 5 61011840 G A + 0.01657 0.012531 0.18606 0.235226996281408 0.12343 1 1740 0 NA 0.97041
rs275821 5 64076820 C T + 0.00042637 0.012559 0.97292 0.22489997046885 0.083974 1 1740 1 NA 0.99218
rs317981 5 66743334 T C + -0.014923 0.0171 0.38282 0.107094260088128 0.52767 1 1740 0 NA 0.99848
rs922071 5 71408759 G T + -0.014407 0.016271 0.37592 0.11954753122521 0.30126 1 1740 1 NA 0.99241
rs9968646 5 73894871 G A + 0.0067792 0.016164 0.67493 0.132631719215305 0.7527 1 1740 1 NA 0.95397
rs13179491 5 76697108 G A + -0.013919 0.012293 0.25749 0.252061401984968 0.94907 1 1740 1 NA 0.99646
rs256440 5 79378275 A G + -0.0091363 0.015379 0.55245 0.180148081201335 0.74412 1 1740 1 NA 0.80821
rs11746975 5 82123467 T C + -0.016 0.010945 0.1438 0.389312269810753 0.72305 1 1740 0 NA 0.98891
rs10042000 5 85018338 G A + -0.014138 0.011307 0.21115 0.322443165367645 0.40872 1 1740 0 NA 0.99838
rs10514304 5 88509084 T C + -0.011605 0.015482 0.45349 0.135905661360649 0.60722 1 1740 1 NA 0.99538
rs2216590 5 92107238 G C + -0.0069555 0.012701 0.58396 0.226629994209612 0.78347 1 1740 1 NA 0.99821
rs11743265 5 95770500 A G + -0.010548 0.012673 0.40524 0.246222628899712 0.89677 1 1740 0 NA 0.95809
rs2121667 5 98453100 A C + -0.0077765 0.011619 0.50332 0.331661812307104 0.057439 1 1740 1 NA 0.99582
rs11740173 5 101380466 A C + -0.0097192 0.012063 0.42042 0.307786339146052 0.11335 1 1740 0 NA 0.88321
rs1370189 5 104123592 T C + 0.0012384 0.015768 0.9374 0.127916268565969 0.19445 1 1740 1 NA 0.99185
rs13159331 5 107059960 A G + -4.6914e-05 0.012761 0.99707 0.22918777757833 0.63318 1 1740 0 NA 0.97664
rs6895205 5 112013292 G T + -0.011442 0.01075 0.2872 0.485510226542091 0.28921 1 1740 1 NA 0.96068
rs4920935 5 116134125 G A + 0.0062868 0.012722 0.6212 0.286139325217714 0.21544 1 1740 0 NA 0.88766
rs7737716 5 118245373 T C + -0.017151 0.01683 0.30819 0.122231230274778 0.57485 1 1740 0 NA 0.92386
rs10035446 5 120857084 T C + -0.015305 0.010977 0.16324 0.425327627243298 0.43126 1 1740 1 NA 0.98465
rs17151060 5 123363123 G T + 0.0049114 0.021965 0.82307 0.063886830036596 1 1 1740 0 NA 0.98604
rs1393145 5 125367748 A G + 0.0016329 0.01385 0.90615 0.187505791595237 0.52692 1 1740 0 NA 0.98994
rs10039821 5 128118463 T C + -0.039891 0.025573 0.11878 0.0410275562967209 7.6001e-05 1 1740 0 NA 0.9876
rs4705913 5 131385265 T A + -0.0070446 0.010525 0.50331 0.474247249565721 0.22746 1 1740 1 NA 0.99985
rs17715902 5 134479364 A G + 0.00080035 0.011353 0.9438 0.341537633038785 0.5927 1 1740 0 NA 0.99473
rs6877338 5 141300770 G A + -0.0021035 0.021591 0.92239 0.0681478650592364 0.18023 1 1740 0 NA 0.99722
rs13182980 5 143624973 T G + 0.012105 0.015646 0.4391 0.176872994358137 0.40715 1 1740 0 NA 0.78019
rs471172 5 146266940 T G + 0.0045992 0.012143 0.70487 0.488007299904406 0.59631 1 1740 0 NA 0.76253
rs353274 5 148743536 G A + -0.015865 0.014207 0.26409 0.177365187634262 0.1872 1 1740 1 NA 0.9987
rs3776959 5 151024781 G C + -0.0072729 0.011157 0.51448 0.352734748241017 0.22501 1 1740 1 NA 0.97128
rs286956 5 153315076 C A + -0.0023466 0.011072 0.83215 0.37011200685709 0.40873 1 1740 0 NA 0.97508
rs6866172 5 158147955 G A + 0.025738 0.01958 0.18868 0.0782359208347327 0.23893 1 1740 1 NA 0.99703
rs248370 5 160633873 G A + -0.005243 0.012798 0.68206 0.287181686964889 0.29017 1 1740 1 NA 0.82776
rs9313986 5 163239419 G A + 0.0099494 0.013195 0.45083 0.208296417258772 0.88392 1 1740 1 NA 0.98638
rs2961846 5 165852788 C T + -0.025038 0.021111 0.23561 0.067714123587178 0.56685 1 1740 1 NA 0.99673
rs13359468 5 168376646 T A + -0.0047964 0.013712 0.72648 0.212143941061313 0.77318 1 1740 1 NA 0.91151
rs4868038 5 170215669 C T + -0.0080444 0.012736 0.52763 0.270522766380264 0.903 1 1740 0 NA 0.88617
rs7717406 5 172932011 A G + 0.00075009 0.011025 0.94576 0.405218141598045 0.39583 1 1740 1 NA 0.99132
rs2644648 5 174830618 C T + -0.0083438 0.013016 0.52149 0.361290378694313 0.8756 1 1740 0 NA 0.7252
rs252064 5 178565088 A G + 0.00062014 0.012438 0.96024 0.243746521013081 0.030966 1 1740 0 NA 0.94857
rs9328467 6 834708 G A + 0.020237 0.027646 0.46418 0.0753355588010293 0.60123 1 1740 0 NA 0.52538
rs2179269 6 4782337 T G + -0.013327 0.016344 0.41484 0.125393755500996 0.74167 1 1740 0 NA 0.98016
rs9392818 6 6586034 A G + 0.016816 0.012228 0.16905 0.287791118602052 0.81413 1 1740 0 NA 0.93357
rs330128 6 8499089 T G + -0.050497 0.025251 0.045526 0.0506948867913602 1 1 1740 1 NA 0.92067
rs9379840 6 10964087 A G + -0.016534 0.013149 0.20859 0.214363479479503 0.77532 1 1740 0 NA 0.98464
rs2026458 6 12933860 T C + -0.0087839 0.010948 0.42238 0.45055368514988 0.88397 1 1740 0 NA 0.95506
rs4085876 6 15537710 T C + 0.018736 0.011128 0.092257 0.340803942118947 0.33491 1 1740 0 NA 0.99787
rs9367972 6 17989196 G A + 0.021992 0.010713 0.040095 0.423659525188188 0.46007 1 1740 0 NA 0.99692
rs994646 6 20030029 T A + -0.01252 0.027555 0.64957 0.0398272108213277 1 1 1740 0 NA 0.99049
rs9466300 6 22367659 C T + 8.4033e-06 0.017104 0.99961 0.126879285581912 0.23277 1 1740 1 NA 0.9048
rs1177441 6 25967392 G A + 0.0075093 0.015833 0.63531 0.134656475288804 0.35099 1 1740 1 NA 0.9982
rs9257248 6 28911270 T C + 0.021428 0.017562 0.2224 0.104431460882355 0.79618 1 1740 0 NA 0.99515
rs9261271 6 30138168 A T + -0.014396 0.029361 0.62392 0.03416328894036 1 1 1740 1 NA 1
rs2524052 6 31361975 G A + -0.0052013 0.010682 0.62631 0.589505958378209 0.21397 1 1740 1 NA 0.99941
rs3998159 6 32789997 C A + -0.00033014 0.016602 0.98413 0.119554072606572 0.011158 1 1740 0 NA 0.91935
rs1565356 6 34154043 A C + -0.013526 0.020745 0.51439 0.080044132722502 0.098038 1 1740 0 NA 0.85818
rs2025645 6 41627632 G A + 0.018319 0.013733 0.18223 0.266113918689187 0.45855 1 1740 1 NA 0.7879
rs755 6 44903768 T C + 0.0049345 0.011954 0.67977 0.292021818687173 0.22121 1 1740 1 NA 0.99234
rs7768474 6 47269077 G A + 0.011602 0.010691 0.27781 0.491002913121789 0.47003 1 1740 1 NA 0.97807
rs6926054 6 49751832 G T + 0.017648 0.012339 0.15263 0.226763678898392 0.005861 1 1740 1 NA 0.99659
rs183108 6 54418757 A G + -0.0037893 0.021657 0.86111 0.061996247915509 0.092049 1 1740 0 NA 0.99919
rs9475684 6 56336188 T C + -0.0077304 0.023827 0.7456 0.0534713375796178 0.81015 1 1740 1 NA 0.97793
rs2639420 6 63159949 T C + 0.0066224 0.011017 0.54778 0.437417486971627 0.05051 1 1740 1 NA 0.99946
rs10944788 6 66104251 G A + 0.0088239 0.020275 0.66341 0.0889398011910003 0.45368 1 1740 1 NA 0.83653
rs2503918 6 67847925 T A + -0.017428 0.017632 0.32294 0.106627908323393 0.12631 1 1740 1 NA 0.99468
rs7749628 6 69932040 T C + 0.020467 0.015899 0.19797 0.131493309090488 0.59937 1 1740 1 NA 0.99964
rs4235883 6 74760924 A G + 0.0034172 0.018598 0.85422 0.10487882560732 0.52188 1 1740 1 NA 0.89138
rs323254 6 77733894 T C + 0.015287 0.010644 0.15093 0.489982164778913 0.70004 1 1740 1 NA 0.99468
rs6939506 6 80163711 T G + 0.028204 0.01926 0.14308 0.0925367170126019 0.77348 1 1740 1 NA 0.92286
rs9361805 6 82145130 G A + -0.008496 0.011758 0.46996 0.290883507626029 0.95347 1 1740 0 NA 0.99934
rs1535060 6 85100195 G A + -0.005522 0.013664 0.68612 0.199137911056522 0.59667 1 1740 0 NA 0.94244
rs1325177 6 87523594 G A + -0.0029605 0.010864 0.78523 0.500437288233761 1 1 1740 1 NA 0.96305
rs9451212 6 90147840 C G + -0.0017143 0.011022 0.8764 0.409747877749082 0.37031 1 1740 0 NA 0.98979
rs567042 6 92455513 C T + -0.013308 0.017162 0.43809 0.104516502605675 0.19728 1 1740 1 NA 0.99979
rs9354058 6 94672710 T C + 0.010787 0.023296 0.64333 0.055177884838097 0.35626 1 1740 1 NA 0.98369
rs9389084 6 99730716 G C + 0.0087645 0.012386 0.4792 0.25555388250556 0.89926 1 1740 1 NA 0.97791
rs6907727 6 102217300 G A + 0.0055862 0.014049 0.69092 0.179247304355883 0.80565 1 1740 0 NA 0.98585
rs11156373 6 104769933 C T + -8.6341e-05 0.011061 0.99377 0.440591450774202 0.027942 1 1740 1 NA 0.99751
rs1891720 6 107259564 T C + -0.015921 0.013175 0.22685 0.228799517999699 0.68212 1 1740 0 NA 0.91912
rs9398226 6 110335360 C T + -0.026388 0.017713 0.13628 0.108577699024854 1 1 1740 0 NA 0.93691
rs1455911 6 113102539 G A + -0.041208 0.016183 0.010886 0.126562047599745 0.58432 1 1740 1 NA 0.96679
rs2064426 6 116097795 A T + -0.00088452 0.011028 0.93607 0.448844779352567 0.35547 1 1740 1 NA 0.9671
rs283044 6 118736558 G T + 0.0080494 0.011043 0.46607 0.402007620503556 0.42294 1 1740 0 NA 0.98977
rs9374951 6 120999232 T C + 0.01476 0.027402 0.59013 0.0412671391513804 0.36255 1 1740 1 NA 0.98525
rs361509 6 123581308 T C + 0.0086956 0.010653 0.41437 0.460860246198407 0.30902 1 1740 1 NA 0.98471
rs17723027 6 129265501 G C + -0.004914 0.019393 0.79997 0.08207438461583 0.87157 1 1740 1 NA 0.9939
rs3777442 6 131251481 T C + -0.00033277 0.010539 0.97481 0.468956651649739 0.24609 1 1740 0 NA 0.99981
rs6907883 6 133592573 G C + -0.024184 0.012847 0.059783 0.214935899662996 0.31775 1 1740 1 NA 0.99639
rs9385745 6 136232051 C T + 0.019827 0.032267 0.53892 0.037387723900693 0.16943 1 1740 0 NA 0.78377
rs9389604 6 139064556 A T + -0.019355 0.015555 0.2134 0.151714749160005 0.51283 1 1740 0 NA 0.89933
rs7753254 6 142219367 G A + 0.01567 0.010966 0.153 0.436104049523126 0.15576 1 1740 0 NA 0.99579
rs952050 6 144976896 T A + 0.0065177 0.01422 0.64671 0.173188498106565 0.61349 1 1740 0 NA 0.99627
rs17076671 6 147593074 C T + -0.025821 0.026035 0.3213 0.059253810869666 0.51576 1 1740 0 NA 0.76536
rs9390669 6 149627414 G A + 0.0022849 0.011092 0.8368 0.567677118619532 0.16988 1 1740 1 NA 0.97424
rs2101240 6 151697087 G A + 0.03415 0.023298 0.1427 0.0572226018275099 0.65348 1 1740 0 NA 0.9866
rs6930625 6 153744405 T C + -0.0048534 0.012192 0.69056 0.264597131364024 0.53539 1 1740 1 NA 0.97016
rs2201888 6 155984378 T C + -0.00056687 0.014778 0.9694 0.198651842925507 0.54512 1 1740 1 NA 0.8061
rs4478433 6 158653875 T G + 0.01986 0.018648 0.28688 0.0944186127308207 0.089325 1 1740 1 NA 0.9995
rs2504930 6 160765209 T C + 0.0065184 0.012685 0.60734 0.2259106779926 0.33429 1 1740 0 NA 0.98537
rs881830 6 162880206 C G + 0.011171 0.010934 0.30693 0.40125651418645 0.72592 1 1740 1 NA 0.99982
rs1832649 6 164771956 A C + -0.014426 0.011003 0.18981 0.356145623422046 0.15651 1 1740 0 NA 0.98999
rs7753174 6 166562840 A G + 0.018908 0.01671 0.25783 0.124537447229895 0.82482 1 1740 0 NA 0.94272
rs4710729 6 170635254 A G + 0.0011048 0.013079 0.93268 0.20751805247523 0.50975 1 1740 1 NA 0.99462
rs17150661 7 3494060 G A + 0.010772 0.023152 0.64173 0.0586309127441386 0.27372 1 1740 1 NA 0.9884
rs10254630 7 6605488 G A + -0.0015675 0.011666 0.89311 0.309170518122111 0.9551 1 1740 1 NA 0.98014
rs2349506 7 8654045 G A + -0.0053549 0.011857 0.65155 0.283764451034451 0.19256 1 1740 1 NA 0.96489
rs2883770 7 12005694 A G + 0.007839 0.013009 0.54678 0.229518354866544 0.45429 1 1740 1 NA 0.96873
rs1404947 7 13610077 A G + -0.0074593 0.011292 0.50888 0.382129596913863 0.91876 1 1740 0 NA 0.94119
rs7781733 7 15457634 G T + -0.019536 0.010802 0.07052 0.497456532193118 0.44099 1 1740 1 NA 0.95728
rs4721606 7 17442831 A G + -0.0093389 0.018411 0.61198 0.096313089199268 0.57744 1 1740 0 NA 0.94875
rs11972484 7 19507571 A G + 0.0047612 0.020254 0.81415 0.074698467293183 0.86152 1 1740 0 NA 0.99991
rs11971519 7 21440794 C T + 0.022567 0.018167 0.21417 0.102849778447102 0.79294 1 1740 1 NA 0.92529
rs6976831 7 23528751 T C + -0.0084638 0.016664 0.61152 0.118560402082211 0.56375 1 1740 1 NA 0.99803
rs9638826 7 25521381 A G + -0.011532 0.012159 0.34289 0.273864880045862 0.43091 1 1740 0 NA 0.98764
rs1980330 7 27596848 G T + 0.00094232 0.011792 0.93631 0.298355529820498 0.4208 1 1740 1 NA 0.99786
rs10216128 7 29819737 G A + 0.0054072 0.018513 0.77023 0.0946012461780784 0.88745 1 1740 1 NA 0.97409
rs2530547 7 34664447 T C + 0.00040603 0.011934 0.97286 0.322955654179075 0.74097 1 1740 0 NA 0.92216
rs859530 7 39029390 G T + 0.012319 0.021746 0.57105 0.065971417983045 0.43388 1 1740 0 NA 0.99957
rs6463082 7 41988266 G A + -0.00070769 0.011695 0.95175 0.353066224897039 0.5624 1 1740 0 NA 0.89753
rs1006231 7 44864067 C T + 0.0093278 0.014187 0.51087 0.18074294979443 0.93511 1 1740 1 NA 0.95785
rs6977547 7 47128716 A C + 0.0056138 0.014176 0.69209 0.170911070191896 1 1 1740 1 NA 0.99711
rs17392781 7 49449307 A G + -0.021318 0.012343 0.084133 0.250822273179997 0.89808 1 1740 1 NA 0.99696
rs13225022 7 51816972 G A + -0.0047675 0.012445 0.70167 0.317892882597333 0.69742 1 1740 1 NA 0.85599
rs10232581 7 56285179 T C + 0.016115 0.023198 0.48726 0.0570353213665316 0.65346 1 1740 0 NA 1
rs1643393 7 65473530 A T + 0.022848 0.011109 0.039709 0.357415835736372 0.87505 1 1740 1 NA 0.9989
rs12056012 7 68350057 G T + 0.000324 0.023029 0.98877 0.0694705078306 0.70765 1 1740 0 NA 0.81873
rs7784792 7 71556442 C T + 0.023792 0.013803 0.084772 0.201974693806642 0.29622 1 1740 0 NA 0.95012
rs10953544 7 77852530 A T + 0.0093546 0.021209 0.65916 0.067786501760237 1 1 1740 1 NA 0.99984
rs819451 7 80015725 C A + -0.011577 0.011034 0.29408 0.414180163174077 0.15017 1 1740 1 NA 0.9978
rs17239691 7 82540022 T C + 0.0008566 0.017161 0.96019 0.109189145365469 0.90088 1 1740 1 NA 0.98641
rs10234345 7 85253306 G A + 0.0053472 0.023342 0.81881 0.0540114073945395 0.3393 1 1740 1 NA 0.99932
rs6974894 7 88260750 A G + 0.011171 0.015341 0.46649 0.141077756931416 1 1 1740 1 NA 0.99596
rs17865960 7 90096853 A G + 0.015705 0.036006 0.66271 0.02325392873273 1 1 1740 1 NA 0.9893
rs2072432 7 93470946 A C + 0.0086499 0.011459 0.45034 0.397047822834577 0.42081 1 1740 1 NA 0.92405
rs1207688 7 96399967 C T + 0.013252 0.011142 0.2343 0.440256692548383 1 1 1740 1 NA 0.93126
rs10081181 7 100837433 T C + 0.043155 0.030714 0.16 0.0516503437371497 0.80349 1 1740 1 NA 0.61236
rs12705240 7 104029173 T C + 0.015373 0.014182 0.27837 0.173360010192027 0.93321 1 1740 0 NA 0.98917
rs2072063 7 107117670 T C + -0.026474 0.022927 0.24821 0.094716909018259 1 1 1740 0 NA 0.6289
rs7806423 7 109748084 T C + 0.0018293 0.012236 0.88116 0.287101706105146 0.90626 1 1740 1 NA 0.92422
rs10237172 7 112845558 A G + 0.012273 0.014265 0.38959 0.171769988412514 0.55336 1 1740 1 NA 0.96735
rs17139270 7 116465875 A G + -0.013043 0.019342 0.50011 0.08321173377804 1 1 1740 0 NA 0.9959
rs17142860 7 120043340 G A + 0.00981 0.024285 0.68624 0.0518538249072074 0.62233 1 1740 0 NA 0.9998
rs666266 7 123204995 G A + -0.0040745 0.011604 0.72549 0.307191661841343 0.77755 1 1740 1 NA 0.99931
rs737107 7 125685220 C T + -0.012502 0.012554 0.31934 0.232310364794441 0.50044 1 1740 1 NA 0.99592
rs9801310 7 131390387 G A + -0.00083528 0.018128 0.96325 0.0999438322611279 0.34616 1 1740 0 NA 0.98562
rs3800693 7 133995567 G T + 0.023221 0.010682 0.029722 0.508378982477677 1 1 1740 1 NA 0.99743
rs833005 7 136508822 G A + -0.011122 0.012668 0.37996 0.222902938144927 0.29685 1 1740 1 NA 0.997
rs10952730 7 139886020 G C + -0.0068044 0.010764 0.5273 0.441490686107042 0.92225 1 1740 1 NA 0.99881
rs10275665 7 143268908 T C + 0.0094455 0.02131 0.65759 0.0683713173985548 1 1 1740 0 NA 0.98093
rs1476722 7 147915511 A T + -0.0073584 0.029083 0.80026 0.044557695091936 0.077037 1 1740 1 NA 0.75198
rs11770365 7 151308606 G T + 0.0064041 0.011784 0.5868 0.307328872280641 0.61091 1 1740 0 NA 0.97552
rs10264615 7 156894409 G A + -0.0029442 0.01146 0.79725 0.351714550509731 0.79167 1 1740 1 NA 0.95623
rs2174099 8 933572 C G + 0.016133 0.014838 0.2769 0.179007803855 0.6816 1 1740 1 NA 0.88928
rs11991056 8 2694124 C T + -0.0273 0.020265 0.17793 0.073493731723559 0.10567 1 1740 1 NA 0.97425
rs2725002 8 4491859 A G + 0.005174 0.01134 0.64819 0.35717388282716 0.83409 1 1740 1 NA 0.96865
rs4427197 8 5504204 G A + -0.018973 0.010832 0.079841 0.424589432965811 0.6223 1 1740 0 NA 0.97972
rs2912007 8 6505362 A G + -0.01617 0.010913 0.13843 0.380922187865522 0.28403 1 1740 1 NA 0.987
rs4538888 8 9254784 T C + 0.0070325 0.012872 0.58484 0.226698092993358 0.73105 1 1740 1 NA 0.96896
rs11778398 8 11011653 T C + -0.0076925 0.010659 0.47048 0.453139839243937 0.14525 1 1740 0 NA 0.97525
rs7002159 8 13442420 A T + 0.023754 0.01574 0.13127 0.131123618928497 0.75039 1 1740 0 NA 0.99703
rs2253107 8 14684039 A G + 0.031387 0.015807 0.047066 0.163900042296037 1 1 1740 0 NA 0.82981
rs4377998 8 17967619 C T + -0.0024307 0.010769 0.82143 0.473371633086817 0.88492 1 1740 1 NA 0.9874
rs2958568 8 19470466 C A + 0.0036817 0.010903 0.73561 0.430802873197011 0.43242 1 1740 1 NA 0.95749
rs1511392 8 23874397 G A + -0.0027732 0.01631 0.86499 0.227881827670184 0.63168 1 1740 0 NA 0.60157
rs12543257 8 28125847 C A + -0.062886 0.028006 0.024738 0.0387987191587676 0.73909 1 1740 0 NA 0.96149
rs9297171 8 31298593 T C + 0.014457 0.01476 0.32734 0.16107672084822 0.72141 1 1740 0 NA 0.97729
rs16881601 8 34142036 A G + 0.025677 0.017143 0.13417 0.107732263220068 0.31291 1 1740 0 NA 0.97888
rs2726864 8 37603761 G C + 0.0092074 0.014127 0.51457 0.196971804053819 0.49369 1 1740 0 NA 0.91715
rs7827040 8 41107680 T C + -0.0058302 0.011468 0.61118 0.485693574576664 0.69994 1 1740 0 NA 0.85874
rs7835336 8 50120448 A G + -0.01031 0.010828 0.34099 0.40920857559823 0.51752 1 1740 0 NA 0.98725
rs4336603 8 52630973 T C + -0.0044086 0.012181 0.71741 0.269714517343216 0.46339 1 1740 1 NA 0.99065
rs7834635 8 55336945 G A + 0.0095424 0.019847 0.63066 0.09763464400929 0.89049 1 1740 0 NA 0.82343
rs353739 8 57865413 A G + -0.028855 0.013487 0.032392 0.189290284476819 0.47898 1 1740 1 NA 0.99955
rs10504271 8 60059061 C A + -0.014584 0.013401 0.27646 0.203583816367774 0.60253 1 1740 0 NA 0.98959
rs1874219 8 62847887 A T + 0.021277 0.011543 0.065274 0.296144136006207 0.29876 1 1740 1 NA 0.99833
rs16931195 8 65511581 T C + -0.010069 0.0175 0.56504 0.10245631101692 0.43094 1 1740 0 NA 0.99123
rs12549798 8 69166928 T G + -0.0007035 0.010822 0.94817 0.389398159676177 0.15628 1 1740 0 NA 0.98673
rs268597 8 71677121 C T + -0.0075737 0.019712 0.70082 0.080659077222402 1 1 1740 1 NA 0.98315
rs2247121 8 73799263 A G + 0.011073 0.011359 0.32963 0.330167701287872 0.32723 1 1740 0 NA 0.97316
rs7015436 8 76363384 T C + -0.01135 0.010666 0.28729 0.430225825130284 0.43221 1 1740 0 NA 1
rs10091822 8 78856782 G A + -0.036016 0.024983 0.14941 0.0510319307876724 0.31623 1 1740 1 NA 0.95818
rs3739342 8 82045405 G A + 0.02791 0.021195 0.1879 0.0720118846975831 0.14182 1 1740 0 NA 0.90793
rs4418335 8 84600150 A C + -0.0092716 0.011683 0.42745 0.297040511974054 0.41904 1 1740 0 NA 0.97723
rs13255427 8 88135775 G A + -0.0099217 0.047324 0.83394 0.0188308868235907 1 1 1740 1 NA 0.68134
rs1011682 8 91089132 G A + -0.00063859 0.011704 0.95649 0.318414225989878 0.16569 1 1740 1 NA 0.98912
rs16915879 8 94420237 G A + -0.013978 0.020791 0.50138 0.0729543033166574 0.85813 1 1740 0 NA 0.97892
rs1010771 8 96870900 G C + -0.02336 0.010689 0.028868 0.483675916112105 0.31132 1 1740 1 NA 0.97205
rs3019293 8 99916148 A G + -0.0069004 0.011133 0.53537 0.363324995078113 0.75486 1 1740 0 NA 0.99953
rs16868941 8 103121553 A G + -0.00097984 0.013281 0.94119 0.22446999536608 0.48854 1 1740 0 NA 0.94347
rs13256669 8 105494515 A G + -0.011133 0.012132 0.35881 0.25903781899462 0.45159 1 1740 1 NA 0.9879
rs4734143 8 108018405 T C + -0.011652 0.011529 0.31215 0.326459943831611 0.91277 1 1740 0 NA 0.97614
rs950985 8 113324278 C T + -0.0052199 0.010551 0.6208 0.427894776460779 0.076589 1 1740 1 NA 0.99982
rs7816550 8 115962230 T C + 0.0077213 0.013025 0.55332 0.224342120503139 0.78176 1 1740 0 NA 0.97013
rs976423 8 120656683 A T + -0.010875 0.013383 0.41644 0.222208060806544 0.72752 1 1740 1 NA 0.92645
rs4633062 8 123075186 A G + -0.00182 0.011109 0.86986 0.384309365390963 0.79928 1 1740 0 NA 0.98025
rs2116082 8 125783578 T C + 0.01923 0.012253 0.11654 0.28792961598183 0.86027 1 1740 1 NA 0.92805
rs17448991 8 128314193 A G + 0.002728 0.013659 0.8417 0.19112818701395 0.93797 1 1740 0 NA 0.98296
rs13280005 8 130436503 A G + 0.0031144 0.011235 0.78163 0.350100463812761 0.751 1 1740 1 NA 0.99812
rs2334477 8 132735660 A C + 0.012263 0.019171 0.52239 0.085697741748697 0.75816 1 1740 1 NA 1
rs4736456 8 134590984 A G + -0.014511 0.01847 0.43207 0.120941628967139 0.36595 1 1740 0 NA 0.76786
rs4567073 8 136463671 G A + -0.0012719 0.012212 0.91705 0.250613795339788 0.24804 1 1740 0 NA 0.9865
rs9772779 8 142848910 T G + 0.0021377 0.019314 0.91187 0.0885574761915796 1 1 1740 1 NA 0.94674
rs10963434 9 1806628 C G + -0.010351 0.013093 0.42918 0.19420317548553 0.010826 1 1740 1 NA 0.99609
rs10971806 9 3392870 A G + -0.023547 0.019234 0.22087 0.08504589015316 0.87596 1 1740 1 NA 0.99303
rs1360063 9 5157649 G A + 0.010365 0.011914 0.38431 0.277345062021519 0.25363 1 1740 1 NA 0.97258
rs10976209 9 7295904 A G + 0.0015018 0.01656 0.92774 0.121889855878078 0.49938 1 1740 1 NA 0.98836
rs7030931 9 8680155 A T + -0.03808 0.025549 0.13609 0.058778559638607 1 1 1740 0 NA 0.79376
rs291328 9 10077519 T C + -0.01338 0.011414 0.24112 0.329723719793615 0.74382 1 1740 0 NA 0.99657
rs1408319 9 13584200 C T + -0.012423 0.011839 0.29404 0.306408080761278 0.69185 1 1740 1 NA 0.94581
rs10118629 9 15286450 A T + 0.0087853 0.01156 0.44728 0.31052363387899 0.39928 1 1740 0 NA 0.97361
rs10756994 9 18860441 G C + 0.0046186 0.020263 0.81969 0.0985392158566323 0.13591 1 1740 0 NA 0.81
rs3884620 9 20993372 A G + 0.0035848 0.016233 0.82522 0.125855579361862 0.66006 1 1740 0 NA 0.96762
rs10965703 9 23204360 A T + -0.0045514 0.012938 0.725 0.227470681916896 0.73174 1 1740 0 NA 0.97502
rs4486294 9 25640430 A T + 0.00072149 0.011165 0.94848 0.400988722653739 0.8411 1 1740 1 NA 0.94456
rs10812636 9 27651834 G C + 0.0066841 0.010684 0.53156 0.522658706490709 0.53067 1 1740 0 NA 0.98314
rs10969161 9 29439180 C G + -0.020708 0.028571 0.46858 0.037535685538743 0.16858 1 1740 1 NA 0.98782
rs10970374 9 31460393 T C + 0.02142 0.017183 0.21254 0.106123335263463 0.52441 1 1740 0 NA 0.99832
rs10971627 9 33647523 T C + -0.006939 0.010718 0.51735 0.419982744044379 0.40129 1 1740 1 NA 0.99594
rs9314865 9 70991315 G A + 0.0047609 0.011067 0.66706 0.436305732484076 0.021521 1 1740 0 NA 0.99998
rs4507836 9 76035595 A T + 0.015356 0.011288 0.17372 0.323103647944412 0.40922 1 1740 1 NA 0.99998
rs17062359 9 78096791 T A + -0.0078383 0.020912 0.7078 0.0704429646786335 0.57715 1 1740 0 NA 0.97715
rs3009706 9 80423506 T G + -0.017005 0.012241 0.16477 0.320071420703888 0.65798 1 1740 0 NA 0.88361
rs17260258 9 82443193 C A + -0.0039083 0.016157 0.80886 0.127997405771001 0.74567 1 1740 0 NA 0.98638
rs11139944 9 84988542 G A + 0.0079194 0.012304 0.51979 0.267367713212447 0.46117 1 1740 0 NA 0.97788
rs2769604 9 87102619 A G + -0.0087219 0.010982 0.42707 0.418340340757728 0.58647 1 1740 1 NA 0.98182
rs3118865 9 89513897 T C + 0.005051 0.011433 0.65863 0.489498597881759 0.038352 1 1740 1 NA 0.91717
rs1426506 9 92188399 C T + -0.0067702 0.013886 0.62588 0.181972946680873 0.80824 1 1740 0 NA 0.99701
rs10761188 9 94809982 A G + -0.013897 0.011374 0.22179 0.41213123681954 0.80378 1 1740 0 NA 0.91401
rs7039008 9 97636955 A C + 0.011562 0.010607 0.27572 0.43196583671106 0.2203 1 1740 0 NA 0.99996
rs4742745 9 100616021 T G + 0.0020543 0.011721 0.86087 0.40734525606782 0.88102 1 1740 0 NA 0.85636
rs7045287 9 103302281 A G + 0.0049071 0.019508 0.8014 0.083181336529609 0.63725 1 1740 0 NA 0.99451
rs12342792 9 104972297 T C + 0.0060277 0.02593 0.81618 0.046010156281666 1 1 1740 1 NA 0.97185
rs7023634 9 106771610 G A + 0.0011424 0.01195 0.92385 0.285361403915209 0.90604 1 1740 0 NA 0.97334
rs4978922 9 109186451 A G + -0.011321 0.013601 0.40522 0.276909510715073 0.18529 1 1740 1 NA 0.74476
rs1533641 9 110951596 G A + -0.012226 0.013289 0.35757 0.220015287686463 0.067829 1 1740 0 NA 0.98275
rs4978978 9 112842254 C G + 0.0039872 0.013731 0.77153 0.18162891839772 0.33031 1 1740 1 NA 0.99081
rs4445296 9 115148874 G C + -0.025939 0.016597 0.11809 0.112810951035345 0.2251 1 1740 1 NA 0.99684
rs10982688 9 117143135 T C + 0.013716 0.013222 0.29957 0.248660220274271 0.74727 1 1740 0 NA 0.86448
rs7033389 9 121406649 C T + 0.0015877 0.010765 0.88274 0.48757086028292 0.66452 1 1740 0 NA 0.9933
rs17270056 9 127913941 T C + -0.013611 0.014241 0.33919 0.213234782608696 0.25084 1 1740 0 NA 0.81364
rs7848479 9 131279093 T C + -0.003401 0.013217 0.79693 0.485633116883117 0.22822 1 1740 0 NA 0.67233
rs10793926 9 134227002 T C + 0.0042618 0.022982 0.85288 0.0554658003844996 0.10096 1 1740 1 NA 0.98703
rs4841952 9 137043825 A C + 0.0136 0.013635 0.31856 0.303977569269667 0.33289 1 1740 0 NA 0.74245
rs11815869 10 814693 C T + -0.00016089 0.02354 0.99455 0.071277963784654 1 1 1740 0 NA 0.77899
rs9329289 10 2532389 A G + -0.013458 0.011246 0.2314 0.341567730352696 0.52101 1 1740 0 NA 0.98414
rs10795127 10 4139673 C T + -0.0023381 0.01667 0.88846 0.120848799300485 0.90968 1 1740 0 NA 0.96878
rs2228059 10 6042374 G T + 0.0026414 0.010919 0.80886 0.501554668646742 0.13521 1 1740 0 NA 0.92184
rs10795741 10 9821810 T G + 0.011622 0.010897 0.28619 0.40099190494389 0.92021 1 1740 0 NA 0.99892
rs11257231 10 11753875 C T + -0.0097902 0.01182 0.4075 0.30459357409252 0.57018 1 1740 1 NA 0.94845
rs17549892 10 14002886 C T + -0.025287 0.015349 0.099461 0.183243691244827 0.1063 1 1740 0 NA 0.77427
rs6602068 10 16027899 T A + 0.0035262 0.010596 0.73931 0.468701864112207 0.09972 1 1740 1 NA 0.98139
rs7072642 10 18398113 A G + 0.01433 0.011065 0.1953 0.431433187970186 0.21985 1 1740 0 NA 0.97661
rs333688 10 20168607 A G + 0.0046798 0.010898 0.66763 0.528945433066762 0.2272 1 1740 0 NA 0.99029
rs10764341 10 22920319 C T + 0.0060536 0.010994 0.5819 0.382930981568448 0.95938 1 1740 1 NA 0.99406
rs1760758 10 25677075 A C + -0.0030082 0.012198 0.8052 0.26353976664061 0.41982 1 1740 1 NA 0.96453
rs627663 10 27812799 T C + -0.0058655 0.014664 0.68916 0.158375023161015 0.85712 1 1740 1 NA 0.99784
rs11007614 10 29813042 C T + 0.012155 0.015487 0.43256 0.13510188010631 0.60521 1 1740 1 NA 0.99928
rs2778652 10 32140134 A C + 0.0077474 0.012462 0.53414 0.268493586959669 0.0099643 1 1740 0 NA 0.99387
rs1274470 10 34517830 C T + 0.0033983 0.011978 0.77663 0.279191712124897 1 1 1740 1 NA 0.98431
rs2459442 10 37332756 A G + 0.025337 0.011957 0.034091 0.282316215010918 0.95258 1 1740 0 NA 0.97922
rs10899934 10 43695686 G C + 0.015078 0.02331 0.51774 0.0541530355230017 0.34313 1 1740 0 NA 0.99988
rs9422351 10 48223872 G T + -0.0088952 0.011265 0.42974 0.351549514383177 0.87411 1 1740 0 NA 0.98772
rs2983363 10 51997415 T C + 0.023595 0.013907 0.08976 0.18190135910636 0.87115 1 1740 0 NA 0.98191
rs7476743 10 54246576 C T + -0.0044693 0.010669 0.67528 0.417637044800491 0.25513 1 1740 1 NA 0.99956
rs11597868 10 55867909 T C + 0.024296 0.010687 0.023003 0.487306881615825 0.96159 1 1740 0 NA 0.99476
rs2170777 10 59876373 G A + -0.027491 0.024234 0.25662 0.0867840389181676 0.64942 1 1740 0 NA 0.6179
rs10994548 10 62294582 G A + 0.013256 0.015989 0.40706 0.137482463971432 0.75997 1 1740 0 NA 0.93102
rs3847326 10 65001865 G A + 0.01466 0.010866 0.1773 0.470833671141173 0.38472 1 1740 1 NA 0.98759
rs12258548 10 67286522 T A + -0.017933 0.024313 0.46078 0.0576398580139322 0.36645 1 1740 1 NA 0.90684
rs7901697 10 69051161 A G + 0.00086665 0.0249 0.97224 0.0519879092498871 0.084395 1 1740 1 NA 0.9617
rs10999204 10 71677312 A G + 0.019545 0.011208 0.08118 0.365419256187337 0.87619 1 1740 0 NA 0.98095
rs3009517 10 74068417 C T + 0.011304 0.011466 0.32419 0.330627276359446 0.3841 1 1740 1 NA 0.99955
rs2588336 10 78179478 G A + -0.020042 0.018813 0.28673 0.0938896995807565 0.31817 1 1740 1 NA 0.96664
rs6480911 10 80364195 G A + 0.0036693 0.011044 0.73971 0.438729084196433 0.32824 1 1740 0 NA 0.92592
rs11189879 10 83185221 T C + 0.0097751 0.017721 0.58122 0.0975308927930328 0.21573 1 1740 1 NA 0.99867
rs10787949 10 85223049 A G + -0.023824 0.011458 0.0376 0.325209913718223 0.54634 1 1740 0 NA 0.97262
rs2279649 10 87127783 A G + 0.012028 0.010908 0.27017 0.449113916719755 0.52725 1 1740 1 NA 0.98097
rs12266064 10 90161951 C T + -0.00097853 0.012634 0.93827 0.221439572910876 0.10854 1 1740 0 NA 0.99541
rs1274328 10 92207735 A G + 0.013539 0.010786 0.2094 0.441649584824376 0.8453 1 1740 1 NA 0.99573
rs10882755 10 97984005 A G + -0.020623 0.01485 0.16491 0.158208350222943 0.41509 1 1740 1 NA 0.98814
rs2487883 10 100760324 C T + 0.0013347 0.014862 0.92844 0.161772710427572 0.12995 1 1740 1 NA 0.98439
rs6892 10 104565860 G A + 0.0061819 0.013867 0.65575 0.176111754487551 0.36064 1 1740 1 NA 0.99602
rs2058979 10 107411488 G A + 0.018008 0.016264 0.2682 0.124826280314085 0.7414 1 1740 0 NA 0.97582
rs10787040 10 109492061 T C + -0.016025 0.011074 0.14787 0.382621465522735 0.50747 1 1740 0 NA 0.96596
rs17127148 10 111922858 A T + 0.0051651 0.017974 0.77384 0.101577520906206 0.23451 1 1740 1 NA 0.93599
rs17129806 10 114214629 T C + 0.019574 0.021898 0.37139 0.0683481775749644 0.57002 1 1740 0 NA 0.94117
rs7099590 10 116739696 A G + -0.0056796 0.011193 0.61187 0.363489480481124 0.53244 1 1740 1 NA 0.96612
rs2901229 10 122110500 C A + -0.029052 0.011138 0.0090942 0.385708659593198 0.54208 1 1740 0 NA 0.98192
rs10788284 10 124139907 C T + 0.0050602 0.010624 0.63385 0.46525312313582 0.26627 1 1740 1 NA 0.98656
rs9418731 10 128750961 A G + 0.0027109 0.013407 0.83976 0.19195136074117 0.39411 1 1740 0 NA 1
rs1537699 10 130588846 A G + -0.015799 0.011811 0.18103 0.282026635784598 0.81194 1 1740 1 NA 0.99927
rs11017481 10 132490668 A G + 0.011284 0.011299 0.31795 0.307576802889493 0.03144 1 1740 0 NA 0.99455
rs4542390 11 3086529 A G + 0.010672 0.010708 0.31893 0.435864617237904 0.17041 1 1740 0 NA 0.97538
rs16917433 11 6700241 C T + -0.0071692 0.016397 0.66195 0.128331036399643 0.051802 1 1740 0 NA 0.99357
rs1026021 11 8521354 C T + -0.0043374 0.013088 0.74033 0.216313165528862 0.66981 1 1740 0 NA 0.98907
rs11822107 11 11172286 G A + 0.00083468 0.015361 0.95667 0.136783439490446 0.22139 1 1740 0 NA 0.99181
rs7101961 11 12942880 G A + 0.031989 0.013512 0.017913 0.197171385852873 0.19585 1 1740 0 NA 0.95401
rs12805912 11 15449408 C G + -0.018992 0.011814 0.10791 0.274219885465463 0.33296 1 1740 0 NA 0.9999
rs1968730 11 18150402 C A + -0.0060945 0.011557 0.59797 0.306931094383324 1 1 1740 0 NA 0.99997
rs7929060 11 20315278 A G + -0.010866 0.019903 0.5851 0.10453634636768 0.15643 1 1740 1 NA 0.79543
rs10833755 11 22391095 A G + -0.0099684 0.011023 0.36583 0.440277504314289 0.17138 1 1740 1 NA 0.98284
rs11027978 11 24508311 T C + -0.0048866 0.020843 0.81463 0.0707949485532967 0.85412 1 1740 1 NA 0.9921
rs716701 11 26347142 C T + 0.0080126 0.010827 0.45926 0.406202228192894 0.803 1 1740 0 NA 0.99938
rs10835489 11 29116516 A G + -0.024031 0.015581 0.12299 0.14039212053132 0.27198 1 1740 1 NA 0.99965
rs7123725 11 32311912 T G + -0.025052 0.014195 0.077586 0.171452394601074 0.93245 1 1740 1 NA 0.99143
rs769866 11 39705881 C T + 0.001584 0.012467 0.89889 0.251569195136074 0.27678 1 1740 1 NA 0.99746
rs4306287 11 41873917 C T + -0.019832 0.013185 0.13253 0.216675642339697 0.47729 1 1740 0 NA 0.98136
rs9651617 11 44159659 C T + -0.030351 0.020395 0.1367 0.071882708543237 0.27517 1 1740 1 NA 0.99816
rs3781619 11 47211893 A G + -0.008094 0.013851 0.55898 0.180081065431384 0.87055 1 1740 0 NA 1
rs1509167 11 55377435 C T + 0.0035584 0.014619 0.80769 0.164395856374386 0.21887 1 1740 0 NA 0.99744
rs7116365 11 57751769 T C + 0.022631 0.015354 0.14048 0.142632548120353 0.92156 1 1740 1 NA 0.99132
rs595735 11 60710747 T C + -0.019009 0.010669 0.074815 0.442481899797278 0.15715 1 1740 0 NA 0.97973
rs486311 11 65663818 T A + -0.0034258 0.01092 0.75374 0.411421540243196 0.55097 1 1740 1 NA 0.99989
rs12364162 11 70029734 A C + 0.010277 0.013591 0.44954 0.196729902829413 0.76033 1 1740 1 NA 0.98352
rs12798013 11 73834393 C G + -0.0090072 0.01639 0.58262 0.119892183600558 0.64767 1 1740 1 NA 0.99145
rs572541 11 77108877 A G + 0.0056925 0.013359 0.67001 0.205565914276118 0.41783 1 1740 1 NA 0.99637
rs7114202 11 79483902 C T + 0.021156 0.012543 0.091661 0.234173659734408 0.38241 1 1740 0 NA 0.98551
rs4278539 11 81275675 G A + -0.00956 0.011901 0.42179 0.279594767532761 0.51137 1 1740 0 NA 0.98113
rs7108582 11 83508907 C A + 0.0099748 0.019357 0.60634 0.0846772559079512 0.63855 1 1740 0 NA 0.99281
rs4485132 11 86202075 C T + -0.017264 0.013508 0.20123 0.194881148846232 1 1 1740 1 NA 0.99349
rs1391954 11 88215613 T G + -0.010288 0.010629 0.3331 0.435934260664111 0.095982 1 1740 1 NA 0.9839
rs7101768 11 91232307 C T + -0.0089064 0.01943 0.64667 0.083061644033935 0.87491 1 1740 1 NA 0.98757
rs522596 11 93822796 T C + 0.0047817 0.012157 0.69407 0.259575909530455 1 1 1740 1 NA 0.9993
rs10501864 11 96171790 C A + -0.021705 0.015053 0.14934 0.180129657202116 0.46355 1 1740 0 NA 0.86532
rs1026591 11 98302301 C T + -0.0027709 0.020175 0.89076 0.091476091476091 0.56355 1 1740 0 NA 0.85458
rs4121365 11 102111340 C T + 0.012592 0.012167 0.30068 0.260862892717533 0.4921 1 1740 1 NA 0.97984
rs609552 11 104224935 G A + 0.019216 0.014998 0.20011 0.147224699192829 0.77337 1 1740 0 NA 0.99926
rs11212198 11 106768340 C T + 0.015443 0.026356 0.5579 0.043022582513028 1 1 1740 0 NA 0.99713
rs7111317 11 110092971 G C + 0.0063958 0.022404 0.77528 0.0598157466545452 0.66228 1 1740 1 NA 0.98963
rs2446879 11 114987948 T C + -0.0087532 0.014272 0.53966 0.169592810487794 0.86421 1 1740 0 NA 0.99622
rs580287 11 117263868 G C + -0.0030407 0.010804 0.77837 0.466888682960732 1 1 1740 1 NA 0.9787
rs4936562 11 120247147 C T + 0.0029717 0.010909 0.78531 0.413646531142069 0.27532 1 1740 1 NA 0.96116
rs7944977 11 122754192 C T + -0.018774 0.022791 0.41007 0.059766181426536 0.66432 1 1740 0 NA 0.96159
rs2298483 11 125000232 T C + 0.030024 0.014972 0.04493 0.162212171052632 0.72271 1 1740 0 NA 0.92363
rs4495907 11 127032371 C G + -0.012453 0.014521 0.39113 0.153981562977718 0.13852 1 1740 1 NA 0.99833
rs519419 11 129584444 G C + -0.0036572 0.011888 0.75836 0.371212033421019 0.35312 1 1740 1 NA 0.88284
rs4072337 11 131529154 T C + 0.0089653 0.011671 0.4424 0.322406064677539 0.29487 1 1740 1 NA 0.9811
rs1595895 11 133674016 C T + 0.027641 0.017018 0.10433 0.107579837285388 0.31164 1 1740 0 NA 0.99324
rs7967890 12 1823251 C T + 0.017945 0.022923 0.43373 0.064536863317351 0.041927 1 1740 0 NA 0.9342
rs11063036 12 4182970 G T + 0.0030741 0.02112 0.88427 0.065905971869155 0.045925 1 1740 1 NA 0.98386
rs2239140 12 6070704 T C + -0.0052276 0.01137 0.64568 0.484485010302696 0.49969 1 1740 0 NA 0.89743
rs10844609 12 9767772 T C + 0.031729 0.01214 0.008962 0.322886673194019 0.78317 1 1740 1 NA 0.88938
rs1071994 12 12325411 C T + 0.0021714 0.011335 0.84808 0.31871453387377 0.40563 1 1740 0 NA 0.99921
rs11830399 12 14848199 G C + 0.0039992 0.010959 0.71516 0.397753264425722 0.88018 1 1740 1 NA 0.99333
rs6486822 12 17740566 A C + -0.0080811 0.037007 0.82715 0.02519962246889 1 1 1740 1 NA 0.84662
rs6487050 12 19956705 T C + 0.0053687 0.01065 0.61417 0.449472135837431 0.30683 1 1740 1 NA 0.98774
rs2216227 12 22315767 T C + -0.014667 0.012445 0.23859 0.269455945797261 0.15916 1 1740 0 NA 0.96624
rs2291263 12 26702083 G T + -0.012263 0.014788 0.40695 0.159911057580952 0.78804 1 1740 0 NA 0.97436
rs1873108 12 28990122 C T + 0.0064901 0.010782 0.5472 0.424910248986682 0.96073 1 1740 0 NA 0.99927
rs16906532 12 30597617 T C + 0.01254 0.019423 0.51854 0.0822741564705814 1 1 1740 0 NA 0.99676
rs10771994 12 32832969 C A + 0.0012498 0.011586 0.9141 0.318272900487053 0.65706 1 1740 1 NA 0.98701
rs7313545 12 37796071 A G + -0.026908 0.013158 0.040859 0.256436182849593 0.48678 1 1740 0 NA 0.87716
rs280362 12 39700624 C T + 0.021912 0.023507 0.35127 0.0553544957613378 0.64033 1 1740 1 NA 0.9698
rs2019499 12 41860068 T C + 0.0086533 0.016532 0.60068 0.123246104223248 0.57642 1 1740 0 NA 0.97521
rs7973870 12 44801226 G A + -0.025298 0.014861 0.088701 0.150056746459137 0.39642 1 1740 0 NA 0.98975
rs2293445 12 47685129 A G + 0.012369 0.011357 0.27612 0.375925046614243 0.018175 1 1740 0 NA 0.99654
rs12818575 12 51270887 T C + 0.00079988 0.011902 0.94642 0.274681814496983 0.71737 1 1740 0 NA 0.99979
rs7305194 12 54260949 C T + 0.0015066 0.010912 0.89018 0.382136653155762 0.61041 1 1740 1 NA 0.99973
rs2951468 12 60731556 A C + -0.014517 0.012632 0.25046 0.243746018877758 0.60143 1 1740 1 NA 0.98069
rs407546 12 63623649 A G + 0.0090184 0.010523 0.39144 0.438225246091488 0.070684 1 1740 1 NA 0.99997
rs10878631 12 66250993 A G + 0.0051981 0.011128 0.64041 0.452086714583816 0.62701 1 1740 0 NA 0.9171
rs10748140 12 68564150 A C + -0.026447 0.011496 0.021422 0.322611464968153 0.50883 1 1740 0 NA 0.99996
rs10506746 12 76410953 A G + 0.003597 0.01357 0.79096 0.196659176984283 0.76032 1 1740 0 NA 0.98487
rs7976869 12 84443443 A G + 0.0056212 0.022645 0.80395 0.057637187972276 0.26706 1 1740 0 NA 0.99625
rs3782181 12 87477692 C A + -0.0033487 0.014134 0.81271 0.181315467952912 0.14346 1 1740 0 NA 0.99475
rs4237888 12 93008672 C T + -0.012927 0.013638 0.34321 0.212275925979555 0.42777 1 1740 1 NA 0.89637
rs7967678 12 95390496 G C + -0.0027756 0.010657 0.79451 0.468777504979849 0.66356 1 1740 0 NA 0.99415
rs201430 12 97723329 T C + 0.0027745 0.010667 0.79479 0.506812667566143 0.88525 1 1740 0 NA 0.99614
rs825045 12 100569162 T A + -0.030922 0.021019 0.14126 0.0686111014603527 0.70397 1 1740 0 NA 0.99936
rs10778321 12 103226470 T C + -0.012337 0.01081 0.25374 0.442987510060857 0.69635 1 1740 1 NA 0.99661
rs1921952 12 105248824 A G + 8.4847e-05 0.011266 0.99399 0.347375186742174 0.95764 1 1740 0 NA 0.99043
rs11066360 12 108272415 G C + 0.020944 0.01154 0.069526 0.327611071534064 0.44387 1 1740 0 NA 0.9506
rs9788061 12 112838105 C T + 0.004134 0.010843 0.703 0.424628542310855 0.76744 1 1740 1 NA 0.99813
rs1647108 12 114714782 G C + -0.0069588 0.011182 0.53372 0.354934911516724 0.63615 1 1740 0 NA 0.98198
rs7960860 12 117532673 T G + -0.0015659 0.011757 0.89405 0.291093649571214 1 1 1740 0 NA 0.99701
rs1449562 12 120772268 A G + 0.016182 0.010646 0.12854 0.499009637214474 0.63012 1 1740 0 NA 0.9917
rs4542471 12 124615697 C T + 0.0081773 0.01157 0.47972 0.309967629669522 1 1 1740 1 NA 0.99439
rs10847868 12 128469416 T C + -0.023039 0.016451 0.16138 0.129516484916576 1 1 1740 0 NA 0.93508
rs7958729 12 130435032 C T + -0.0038108 0.0109 0.72664 0.504288899829139 0.88513 1 1740 1 NA 0.95371
rs11617302 13 23704058 C T + -0.016752 0.01159 0.14835 0.308923670222006 1 1 1740 0 NA 0.99239
rs4769659 13 28480742 G C + -0.022676 0.010731 0.034582 0.4978568491048 0.21052 1 1740 0 NA 0.95868
rs9569350 13 30571689 A T + -0.014277 0.014398 0.3214 0.201554566321207 0.65363 1 1740 0 NA 0.84402
rs7321308 13 32804280 T C + -0.0038104 0.012356 0.75778 0.236103068905617 0.16083 1 1740 1 NA 0.99809
rs943220 13 35337252 A G + 0.0013399 0.011068 0.90365 0.429563635731705 0.49174 1 1740 1 NA 0.96402
rs10507462 13 37356996 T C + 0.012576 0.015672 0.4223 0.138151303330573 0.31063 1 1740 0 NA 0.94802
rs7984035 13 39593770 T G + 0.01762 0.011436 0.12337 0.309588612726136 0.1023 1 1740 0 NA 0.97863
rs9525660 13 42147509 G A + -0.015435 0.017143 0.36793 0.107078749276202 0.37899 1 1740 1 NA 0.99253
rs3809353 13 44592522 A T + -0.0028224 0.018164 0.87652 0.096285916129107 0.5786 1 1740 1 NA 0.97752
rs9316301 13 46927224 G A + 0.015886 0.025261 0.52942 0.0483928871286211 0.79484 1 1740 1 NA 0.97148
rs200217 13 49850108 T G + 0.033489 0.026859 0.21246 0.0481723630720052 1 1 1740 1 NA 0.85396
rs4884402 13 52777328 T A + 0.01158 0.010749 0.28133 0.497628396691917 0.96161 1 1740 0 NA 0.98629
rs9527415 13 55050353 G A + -0.0013127 0.012473 0.91618 0.271350628138521 0.503 1 1740 1 NA 0.94077
rs9597832 13 58229649 G A + 0.012589 0.012609 0.3181 0.254763339669 0.37426 1 1740 0 NA 0.92213
rs186201 13 60333283 G A + -0.039396 0.017685 0.0259 0.10153617213466 0.69262 1 1740 0 NA 0.98867
rs9539668 13 62664685 C T + -0.018587 0.01915 0.33176 0.083099309218717 0.34108 1 1740 1 NA 0.9945
rs17545555 13 65114380 G A + -0.013 0.02742 0.63542 0.0417520758781225 0.36256 1 1740 0 NA 0.9618
rs2100710 13 67895153 T A + 0.0068449 0.010974 0.53281 0.367174290677475 0.50091 1 1740 1 NA 0.99938
rs663953 13 69619508 C T + -0.012486 0.011676 0.28489 0.319699803691071 0.15038 1 1740 0 NA 0.99405
rs17089386 13 71929388 C T + -0.010366 0.027062 0.70168 0.042502678131967 0.54502 1 1740 1 NA 0.93908
rs1326724 13 74023442 T G + -0.012681 0.015314 0.40763 0.142464603179199 0.5528 1 1740 0 NA 0.97586
rs6562962 13 76111186 T C + 0.015518 0.010678 0.14617 0.485858808132633 0.50026 1 1740 0 NA 0.98221
rs17074455 13 81015975 G A + 0.0036469 0.015437 0.81324 0.14221232686339 0.55226 1 1740 0 NA 0.99337
rs4454845 13 83532024 A G + -0.0011993 0.011156 0.91439 0.326123335263463 0.089508 1 1740 1 NA 0.99865
rs9518596 13 85723976 T G + -0.0093075 0.012671 0.46263 0.234891517709799 0.54644 1 1740 0 NA 0.99958
rs17556751 13 90839556 G A + -0.02278 0.019779 0.24945 0.0877897516373175 0.44826 1 1740 1 NA 0.92313
rs4771878 13 93155027 A G + 0.0024503 0.010842 0.8212 0.404582672241074 0.68939 1 1740 0 NA 0.99377
rs1299066 13 98230873 C A + -0.0016681 0.011053 0.88004 0.464759941396862 0.029425 1 1740 0 NA 0.98827
rs12863308 13 100607424 T C + 0.015916 0.011383 0.16206 0.348554170117392 0.95769 1 1740 0 NA 0.96407
rs1764773 13 104213047 G T + -0.0092842 0.016751 0.57941 0.122310177893079 0.25916 1 1740 0 NA 0.97077
rs9558798 13 106072243 C T + -0.010607 0.021277 0.61812 0.066660297387438 0.56067 1 1740 0 NA 0.99725
rs964009 13 108073808 G C + 0.031742 0.022027 0.14956 0.0822646973646105 0.74876 1 1740 0 NA 0.78275
rs2477914 13 109975186 A T + -0.015196 0.011677 0.19311 0.295064309333395 0.29799 1 1740 1 NA 0.97804
rs2993292 13 112711132 G A + -0.0073788 0.012642 0.55943 0.501835367798429 0.96159 1 1740 0 NA 0.71418
rs1263799 14 21046932 C A + 0.017463 0.010583 0.098925 0.499982628735546 0.53129 1 1740 1 NA 0.99945
rs222685 14 23131136 C T + -0.0037541 0.011014 0.73322 0.421452835118892 0.52077 1 1740 0 NA 0.94925
rs1954151 14 25450770 T C + -0.0004811 0.010719 0.9642 0.464708641446283 0.96141 1 1740 0 NA 0.9933
rs1950803 14 28141427 T C + -0.0042529 0.014607 0.77093 0.187988414192614 0.52761 1 1740 0 NA 0.85926
rs9322886 14 31546738 G A + 0.018593 0.011753 0.11366 0.301690819856414 0.23001 1 1740 1 NA 0.94964
rs1431054 14 33658277 T C + 0.0022257 0.01426 0.87597 0.186522645661995 0.38267 1 1740 0 NA 0.94336
rs17105951 14 36551563 A G + -0.012388 0.012991 0.34028 0.225860721007673 0.58119 1 1740 1 NA 0.94979
rs8014390 14 39496171 C A + 0.012555 0.029319 0.66849 0.0401575031124236 0.51765 1 1740 1 NA 0.8692
rs2626415 14 41912268 C G + 0.0076666 0.011073 0.48871 0.342990329492154 0.10892 1 1740 1 NA 0.98989
rs11848334 14 44459861 A T + -0.022694 0.025167 0.3672 0.048451351773896 1 1 1740 1 NA 0.96287
rs10873013 14 47369661 C A + -0.0054389 0.010628 0.60881 0.518532243962038 0.70001 1 1740 1 NA 0.99997
rs2356455 14 50162892 A G + -0.00054041 0.010605 0.95936 0.516685292738148 0.26748 1 1740 0 NA 0.98542
rs2025632 14 52364069 T C + 0.0089668 0.01653 0.5875 0.117266936884771 0.55925 1 1740 1 NA 0.98889
rs17128690 14 55228579 G A + 0.0094357 0.01191 0.42821 0.276658212014871 0.33641 1 1740 1 NA 0.97929
rs17093637 14 57288012 G A + -0.014019 0.012878 0.27633 0.223996062422189 0.67775 1 1740 0 NA 0.99763
rs8011227 14 59788029 G A + 0.013719 0.011915 0.24953 0.287764910248987 0.4806 1 1740 0 NA 0.99573
rs1956673 14 62578926 A G + 0.001004 0.013843 0.94218 0.188313192317269 0.75214 1 1740 1 NA 0.96184
rs2001998 14 68629271 T G + -0.0034182 0.011478 0.76586 0.324397644429261 0.7004 1 1740 1 NA 0.99484
rs4902979 14 71578408 G C + 0.00081352 0.029716 0.97816 0.0327129861782639 0.42323 1 1740 1 NA 0.99675
rs11848876 14 74294379 G C + -0.0071882 0.011209 0.52132 0.347709253907675 0.4901 1 1740 0 NA 0.98052
rs2267750 14 77150421 C A + 0.01239 0.010879 0.25477 0.431722372779283 0.55608 1 1740 0 NA 0.99361
rs990365 14 79408089 T A + 0.00075166 0.012977 0.95381 0.221322771543388 0.52879 1 1740 1 NA 0.99532
rs1911223 14 82036723 C A + 0.014213 0.01072 0.18488 0.426672572930781 0.34989 1 1740 0 NA 0.98916
rs12586747 14 84356082 A G + 0.0093257 0.016317 0.56764 0.141410630705779 0.42743 1 1740 0 NA 0.86195
rs1756675 14 86785497 T C + -0.013683 0.031641 0.66541 0.0309206716850029 0.40609 1 1740 1 NA 0.97921
rs2146971 14 89243206 T C + 0.033136 0.016387 0.043169 0.140574311799055 0.27197 1 1740 0 NA 0.90166
rs10141852 14 91993684 C G + 0.016386 0.012183 0.17863 0.255779543427651 0.52686 1 1740 0 NA 0.9908
rs8010251 14 94265343 G C + -0.014007 0.011138 0.20852 0.503023416257457 0.84716 1 1740 0 NA 0.91338
rs11847642 14 96222951 G A + 0.021713 0.013045 0.096013 0.223866465921594 0.23795 1 1740 0 NA 0.99041
rs17610120 14 98259848 T C + 0.020032 0.026693 0.45298 0.0431147294183044 0.36916 1 1740 0 NA 0.9984
rs12437184 14 100904965 G A + 0.024482 0.022614 0.27898 0.0584934830315629 0.37376 1 1740 0 NA 0.9869
rs2105989 14 106209261 T C + -0.0082158 0.010896 0.45086 0.393522217975889 0.91964 1 1740 0 NA 0.99984
rs7164968 15 23354702 T C + 0.016175 0.017469 0.35449 0.18996928782523 0.87552 1 1740 0 NA 0.60359
rs4778174 15 25643161 G A + -0.0023693 0.012552 0.85028 0.47070832439204 0.92294 1 1740 1 NA 0.72741
rs2054015 15 34669699 T C + 0.0031589 0.010951 0.773 0.399827438445325 0.80205 1 1740 1 NA 0.99456
rs8032387 15 40192011 C T + -0.023291 0.019006 0.2204 0.0855915323327771 0.64351 1 1740 1 NA 0.99596
rs990380 15 44636431 G A + 0.0044306 0.010416 0.67056 0.441897095868199 0.0039965 1 1740 0 NA 0.99391
rs2457228 15 47244893 G A + -0.0094278 0.01069 0.37782 0.460257672264042 0.92281 1 1740 1 NA 0.99901
rs11071065 15 52341892 T C + -0.0039275 0.010678 0.71303 0.443503184713376 0.40696 1 1740 1 NA 0.98924
rs2962994 15 55129991 A G + 0.00076021 0.012834 0.95276 0.222244096767843 1 1 1740 1 NA 0.99982
rs12906670 15 59463611 A G + 0.002053 0.010728 0.84823 0.446190327287888 0.96114 1 1740 1 NA 0.99752
rs4776681 15 61886816 T A + -0.010352 0.01673 0.53607 0.114740334562804 0.40607 1 1740 1 NA 0.98037
rs956129 15 65416229 A G + -0.020092 0.010846 0.063958 0.441612813564033 0.62539 1 1740 0 NA 0.99337
rs12912024 15 68372986 C T + 0.0056208 0.012637 0.65648 0.237116715406665 0.42391 1 1740 1 NA 0.96351
rs11072464 15 72092235 A G + 0.017416 0.010723 0.10433 0.432938553309782 0.11668 1 1740 1 NA 0.97013
rs12914703 15 76455366 A T + -0.023531 0.015295 0.12394 0.242175856929955 0.16793 1 1740 1 NA 0.68594
rs1077540 15 78885148 C T + -0.0069366 0.011271 0.53826 0.352045188710929 0.63503 1 1740 1 NA 0.99363
rs6496586 15 83341771 A G + 0.015892 0.014888 0.28579 0.168283017884144 0.60522 1 1740 1 NA 0.93115
rs8033002 15 85340248 C G + -0.0028975 0.027537 0.9162 0.039680609597925 0.74948 1 1740 1 NA 0.97968
rs11637827 15 88078155 G A + -0.0058571 0.011669 0.61572 0.341074285316825 0.95725 1 1740 1 NA 0.92829
rs3759919 15 90736276 A T + 0.0027045 0.016962 0.87332 0.123106729761195 0.73763 1 1740 1 NA 0.92322
rs10520749 15 92708692 C T + 0.0054297 0.011919 0.6487 0.335981013208455 0.74607 1 1740 0 NA 0.89042
rs4447389 15 95030328 A G + -0.0079201 0.015098 0.59987 0.153471711444572 0.51636 1 1740 1 NA 0.94547
rs7175406 15 97412498 G T + -0.020022 0.011954 0.09396 0.293393669874579 0.29587 1 1740 0 NA 0.98594
rs2277586 15 99751389 G A + -0.01794 0.015981 0.26162 0.130666025848891 0.52543 1 1740 1 NA 0.99515
rs2238439 16 3971349 A G + -0.021426 0.013628 0.11589 0.226634755800746 0.40986 1 1740 0 NA 0.89171
rs9933445 16 6160320 T C + 0.0034993 0.015591 0.82241 0.148615309774488 0.15217 1 1740 1 NA 0.95734
rs7198251 16 7411607 C A + 0.0076886 0.015046 0.60934 0.165281550249321 0.25591 1 1740 0 NA 0.93778
rs4985000 16 8783778 G C + -0.013324 0.011311 0.23881 0.331565232497539 0.74465 1 1740 1 NA 0.99477
rs1344515 16 10691861 C G + 0.0054245 0.0145 0.70833 0.203905322015239 0.76656 1 1740 1 NA 0.84092
rs9302491 16 12819501 C T + -0.00062246 0.015105 0.96713 0.162275671104005 0.47897 1 1740 1 NA 0.93497
rs4148373 16 16119605 T C + 0.024454 0.024177 0.31179 0.0559605774408922 0.16655 1 1740 0 NA 0.95508
rs11646496 16 20107850 A G + -0.012413 0.015947 0.43635 0.153565905391864 0.57783 1 1740 0 NA 0.87233
rs8048828 16 24266934 G A + -0.001924 0.010668 0.85687 0.457467635900258 0.065304 1 1740 0 NA 0.96424
rs12934959 16 26802818 A G + -0.030579 0.026397 0.24669 0.0569072260478261 0.49356 1 1740 1 NA 0.74563
rs16945609 16 46391531 A G + 0.028165 0.028548 0.32384 0.037111026184438 0.72891 1 1740 1 NA 0.99882
rs7499584 16 49796918 A G + 0.0081843 0.011162 0.4634 0.314920758081981 0.011992 1 1740 0 NA 0.99684
rs12596862 16 52586733 C A + 0.045434 0.016707 0.006539 0.112214527261778 0.14517 1 1740 1 NA 0.98618
rs9936020 16 57435533 T G + -0.0080873 0.016211 0.61787 0.122814077917265 0.73757 1 1740 1 NA 0.99546
rs8048207 16 60335596 T C + -0.0072471 0.021075 0.73095 0.073463667739918 1 1 1740 0 NA 0.94023
rs4522437 16 63186248 G A + 0.017767 0.010977 0.10553 0.422842633715308 0.18275 1 1740 1 NA 0.9998
rs6499157 16 66662975 C A + -0.0094246 0.013717 0.49204 0.188743869320255 0.75336 1 1740 0 NA 0.99488
rs9929501 16 74518019 A G + 0.0057282 0.014479 0.69238 0.168748117426261 0.49072 1 1740 1 NA 0.94851
rs8059479 16 76310893 C T + 0.0072679 0.014295 0.61116 0.207215348255248 0.16332 1 1740 0 NA 0.87809
rs1120114 16 77625818 T C + 0.0010946 0.012739 0.93153 0.274646296103174 0.10248 1 1740 0 NA 0.91701
rs12447614 16 79065148 G A + 0.0090459 0.012054 0.453 0.308184987433548 0.23583 1 1740 1 NA 0.94621
rs1809717 16 80960579 T G + -0.0070162 0.015346 0.64753 0.14519706287713 0.7708 1 1740 1 NA 0.96486
rs12445499 16 82145887 G A + 0.010962 0.011819 0.35368 0.279681872401533 0.51137 1 1740 1 NA 0.99389
rs2244450 16 83468001 G C + 0.00076784 0.012707 0.95181 0.25791430656427 0.41355 1 1740 1 NA 0.90246
rs9674202 16 85230442 C T + -0.011103 0.011211 0.322 0.613964989084423 0.64755 1 1740 0 NA 0.96665
rs12945461 17 3190200 C T + -0.0043891 0.010627 0.6796 0.414930022756356 0.12447 1 1740 1 NA 0.99977
rs7208713 17 5998767 C A + 0.013534 0.019223 0.48139 0.0871517664294442 0.87963 1 1740 0 NA 0.97114
rs11078799 17 9263439 A G + 0.0061248 0.011225 0.58531 0.351831584555162 0.83279 1 1740 1 NA 0.99572
rs2322052 17 11644853 A G + -0.0035385 0.011647 0.76127 0.339263270684313 0.66749 1 1740 0 NA 0.947
rs2158978 17 14036407 C T + -0.01238 0.01099 0.25995 0.605725800847752 0.87989 1 1740 1 NA 0.98959
rs11651187 17 16786127 A T + 0.0038716 0.012893 0.76397 0.243795645803047 0.36073 1 1740 1 NA 0.94808
rs11653494 17 22366582 A G + 0.026932 0.012757 0.03475 0.215687012513246 0.17587 1 1740 1 NA 0.99998
rs8074061 17 27625458 C T + 0.00029235 0.012091 0.98071 0.286795076031861 0.47981 1 1740 0 NA 0.93502
rs12939410 17 33285046 A G + -0.0068129 0.02641 0.79643 0.058747197617903 0.82774 1 1740 1 NA 0.73341
rs799906 17 38531642 C T + -0.0040863 0.011235 0.71607 0.349776953826545 0.49141 1 1740 1 NA 0.97454
rs11870781 17 42738294 T C + -0.015082 0.021645 0.48593 0.0651096403610865 0.69228 1 1740 1 NA 0.99002
rs7212007 17 46655072 C T + 0.038825 0.023155 0.093599 0.05923334858374 0.82933 1 1740 1 NA 0.9582
rs2940621 17 49065907 T C + -0.0019902 0.014494 0.89079 0.163462540678889 0.79165 1 1740 1 NA 0.99886
rs7212825 17 55123980 G A + -0.014267 0.018499 0.44059 0.0940418632928983 0.31882 1 1740 0 NA 0.99903
rs2159544 17 60788279 A G + 0.0064614 0.012055 0.59196 0.274379504530602 0.90366 1 1740 1 NA 0.98633
rs8077521 17 66435046 G A + -0.0077723 0.012762 0.5425 0.233326191689443 0.54499 1 1740 1 NA 0.99184
rs6501626 17 68864232 T G + 0.0026353 0.011142 0.81302 0.417308249753609 0.9605 1 1740 0 NA 0.94142
rs2410993 17 72130466 T C + -0.034062 0.013095 0.0092917 0.259178007558018 0.2585 1 1740 0 NA 0.89062
rs4789888 17 74839252 T C + -0.021408 0.017853 0.23048 0.106452304270257 0.70263 1 1740 1 NA 0.92859
rs600220 18 208285 A G + 0.014466 0.011482 0.20773 0.332456079398719 0.87083 1 1740 0 NA 0.96772
rs12607104 18 4799662 C G + 0.00041259 0.013158 0.97498 0.206112947961482 0.65873 1 1740 1 NA 0.99173
rs449140 18 7160578 T C + 0.0048001 0.010779 0.65607 0.414409380428489 0.58531 1 1740 1 NA 0.99483
rs9304040 18 9548240 A G + -0.01824 0.014056 0.19438 0.169857096535112 0.39267 1 1740 0 NA 0.99895
rs16976627 18 11736664 A G + -0.013261 0.014161 0.34906 0.196452048209518 0.092771 1 1740 0 NA 0.93763
rs7241299 18 17546515 G A + -0.041837 0.025642 0.10276 0.058858615397979 0.65731 1 1740 0 NA 0.78955
rs7239827 18 20702547 G A + 0.0057195 0.022371 0.79821 0.0637941217342968 0.15181 1 1740 1 NA 0.985
rs9958092 18 23420778 G A + 0.011631 0.010983 0.2896 0.435357881144432 0.12894 1 1740 0 NA 0.99587
rs1440825 18 25631784 C T + 0.010841 0.010827 0.31667 0.507972962014759 0.70005 1 1740 0 NA 0.98088
rs8092245 18 27999780 A C + 0.015278 0.012757 0.23106 0.223187348354556 0.48731 1 1740 0 NA 0.991
rs11662715 18 31013083 C T + 0.0013156 0.016431 0.93618 0.185488122063824 0.87343 1 1740 0 NA 0.69481
rs1905517 18 33896289 A G + -0.0028664 0.01171 0.80662 0.363972547202595 0.0092834 1 1740 0 NA 0.95708
rs1554945 18 36318755 T C + 0.0093729 0.020403 0.64595 0.0727868624635197 0.47425 1 1740 0 NA 0.99528
rs17716283 18 38801255 A G + 0.0035025 0.01676 0.83446 0.121238266750824 0.30665 1 1740 1 NA 0.97558
rs1345494 18 41381864 C G + -0.0053659 0.013231 0.68507 0.205749855240301 0.82516 1 1740 1 NA 0.99952
rs9304360 18 44083858 A G + 0.0062665 0.013775 0.64917 0.191933260748703 0.64152 1 1740 1 NA 0.97628
rs1975479 18 46521291 A G + 0.022338 0.018906 0.23739 0.105849307928418 0.70185 1 1740 0 NA 0.85279
rs4506980 18 48851652 A G + -0.0030407 0.011018 0.78256 0.436323132365381 0.69532 1 1740 0 NA 0.96315
rs17733784 18 51870923 C T + -0.012478 0.010945 0.25424 0.416497292915255 0.72879 1 1740 0 NA 0.98612
rs17669 18 54269473 C T + 0.013835 0.012606 0.27244 0.227187974104485 0.17057 1 1740 1 NA 0.98609
rs12968890 18 56473723 G A + 0.020742 0.010828 0.055407 0.474854932301741 0.6293 1 1740 1 NA 0.96039
rs637740 18 61000410 A C + 0.014978 0.015456 0.33249 0.135495078170237 0.47311 1 1740 1 NA 1
rs12964563 18 63281989 G C + -0.006283 0.018495 0.73406 0.101885153331596 0.42656 1 1740 1 NA 0.92716
rs12959185 18 65278270 C T + -0.015881 0.012153 0.19131 0.267084539664158 0.49879 1 1740 1 NA 0.99984
rs4316862 18 67514747 C T + -0.024473 0.01315 0.062727 0.293476495899976 1 1 1740 0 NA 0.7936
rs7240456 18 69465045 T C + 4.9085e-05 0.010691 0.99634 0.479236399856383 0.10113 1 1740 1 NA 0.95907
rs17057533 18 71479235 T G + -0.014064 0.031156 0.6517 0.0322231358061864 1 1 1740 0 NA 0.95206
rs6566003 18 73385557 C T + -0.013525 0.010623 0.20297 0.427927849677176 0.14039 1 1740 0 NA 0.99348
rs2251519 19 4892456 T C + 0.0093855 0.013536 0.48808 0.243806084355508 0.36058 1 1740 0 NA 0.86223
rs1559172 19 8931225 G C + 0.022955 0.014001 0.1011 0.17515923566879 0.86771 1 1740 1 NA 1
rs10404322 19 21902509 G A + -0.012591 0.011902 0.29013 0.273009953849806 0.50489 1 1740 1 NA 0.99502
rs12608944 19 33693363 C G + -0.015099 0.018277 0.40873 0.098191693253736 0.17104 1 1740 0 NA 0.9974
rs10426656 19 36165385 A G + 0.0016659 0.0433 0.96931 0.024162772247413 1 1 1740 1 NA 0.64001
rs2270094 19 43531979 C T + -0.0078984 0.013467 0.55753 0.194925609975039 0.75911 1 1740 0 NA 0.99192
rs12609406 19 52302968 A G + -0.0026802 0.011587 0.81708 0.285021077500347 0.097693 1 1740 1 NA 0.99839
rs273674 19 56361471 C A + 0.013049 0.024494 0.59421 0.0511925925496986 0.44584 1 1740 0 NA 0.95123
rs8109631 19 58771956 A G + 0.016036 0.012277 0.1915 0.260480844952981 0.49181 1 1740 1 NA 0.99594
rs6041150 20 1218094 A G + -0.009787 0.01469 0.50526 0.154884270385148 0.052379 1 1740 0 NA 0.95957
rs651208 20 3495772 G A + 0.019248 0.011887 0.10541 0.279606596486352 1 1 1740 1 NA 0.99943
rs1294718 20 5757302 T G + 0.0041572 0.011366 0.71454 0.442087637676205 0.46403 1 1740 0 NA 0.90979
rs6133455 20 7601778 G T + 0.0022334 0.014731 0.8795 0.151449963519289 0.39865 1 1740 0 NA 0.99974
rs6077576 20 9574681 T C + 0.0036481 0.011625 0.75367 0.334458852896717 0.70526 1 1740 0 NA 0.95437
rs2144641 20 11466428 A G + 0.0012626 0.011745 0.91439 0.297319050376375 0.60379 1 1740 1 NA 0.99983
rs3789342 20 13447041 A C + 0.005965 0.010897 0.5841 0.440378234711663 0.30556 1 1740 1 NA 0.99613
rs1362512 20 15599887 A G + -0.0025858 0.011002 0.81419 0.43284981795588 0.35117 1 1740 0 NA 0.93809
rs6046035 20 19312994 C T + 0.00068952 0.010607 0.94817 0.461237571876104 0.4383 1 1740 1 NA 0.99771
rs6113283 20 21521233 T G + -0.015924 0.012772 0.21245 0.227697545948325 0.89119 1 1740 1 NA 0.99516
rs6114319 20 23753520 G C + 0.00032975 0.013417 0.98039 0.204523209683491 0.88232 1 1740 1 NA 0.96702
rs6088857 20 29690425 C G + 0.013756 0.013977 0.32502 0.181759483921778 0.46653 1 1740 1 NA 0.99653
rs2425237 20 34447147 G A + 0.011012 0.011178 0.32453 0.371349075832677 0.40916 1 1740 0 NA 0.99533
rs6102774 20 40386328 T C + 0.010758 0.011945 0.36777 0.285871466129275 0.76817 1 1740 0 NA 0.98499
rs6017414 20 42814589 G A + -0.0033715 0.018024 0.85161 0.10714244340956 0.80059 1 1740 1 NA 0.92327
rs6094629 20 45276490 A G + 0.010562 0.015308 0.4902 0.272724638688965 0.67093 1 1740 1 NA 0.60585
rs6067191 20 47758961 A G + 0.012083 0.011651 0.29972 0.339142595723981 0.10706 1 1740 0 NA 0.97297
rs6063779 20 50397558 G A + 0.00057267 0.012294 0.96285 0.253128311435636 1 1 1740 1 NA 0.99483
rs6014027 20 52521035 G A + 0.003178 0.017862 0.85878 0.115437846727586 0.72409 1 1740 1 NA 0.8789
rs11699206 20 56588886 C G + 0.0049439 0.021571 0.81872 0.0912924114124199 0.14515 1 1740 0 NA 0.76186
rs4812206 20 58769211 T C + 0.0077665 0.013176 0.55556 0.206186014731088 0.94132 1 1740 1 NA 0.99849
rs6011536 20 61124124 T C + -0.011147 0.011984 0.35232 0.301909086696631 0.68929 1 1740 0 NA 0.93
rs1735802 21 20767387 T G + 0.011918 0.013804 0.38791 0.179791546033584 0.62432 1 1740 1 NA 0.99957
rs2829465 21 25216178 G A + -0.011277 0.010865 0.2993 0.562602431128639 0.76931 1 1740 0 NA 0.9867
rs151452 21 27562578 T A + 0.0083252 0.010924 0.44601 0.396126118301051 0.95987 1 1740 1 NA 0.99427
rs7277926 21 29932639 C G + 0.00064965 0.011329 0.95427 0.344181750801978 0.55734 1 1740 0 NA 0.99604
rs2833740 21 32532201 G A + -0.0022558 0.016748 0.89286 0.137310260553307 0.60975 1 1740 0 NA 0.86776
rs2834833 21 35495860 C G + -0.018243 0.016487 0.26851 0.117110413674897 0.55798 1 1740 0 NA 0.99385
rs2835945 21 38057170 A G + 0.0099222 0.010959 0.36524 0.406556019481008 0.68977 1 1740 0 NA 0.97148
rs2837249 21 40141997 A G + 0.0087057 0.011941 0.46597 0.282828604516503 0.51404 1 1740 1 NA 0.99923
rs2276232 21 42165066 C A + -0.0048888 0.010939 0.65495 0.50175471108074 0.24789 1 1740 0 NA 0.97895
rs7277916 21 44454021 A C + -0.015283 0.016081 0.34192 0.133829814340812 0.34932 1 1740 1 NA 0.92627
rs11703901 22 15787566 T C + 0.011035 0.014251 0.43875 0.239505492912838 0.32161 1 1740 0 NA 0.78901
rs2238799 22 18489325 G A + -0.011295 0.011499 0.32595 0.370505536552844 0.64225 1 1740 1 NA 0.91254
rs140179 22 22405670 T A + -0.0058659 0.011407 0.60709 0.346265483239285 0.87334 1 1740 0 NA 0.96222
rs529453 22 25120039 C T + 0.0050054 0.011048 0.6505 0.419091009210473 0.48845 1 1740 1 NA 0.97499
rs742547 22 26742908 G T + -0.0005809 0.01233 0.96242 0.257115310004575 0.80076 1 1740 1 NA 0.97215
rs5998068 22 30373835 G A + -0.0009274 0.020764 0.96438 0.0743763607726873 0.37818 1 1740 0 NA 0.93622
rs5755730 22 34158300 C T + -0.0028941 0.013135 0.82561 0.469566427403551 0.43961 1 1740 0 NA 0.65044
rs4821757 22 36918456 A G + 0.037376 0.016816 0.026244 0.12327565238542 1 1 1740 0 NA 0.92983
rs11705036 22 41154202 G C + -0.00097539 0.02292 0.96606 0.066867637349272 0.43485 1 1740 1 NA 0.8844
rs12484057 22 43307397 A G + -0.00072824 0.022597 0.97429 0.0773596488180039 0.73565 1 1740 1 NA 0.77546
rs9615427 22 45723034 T C + -0.0077513 0.019428 0.68992 0.0828131514337333 1 1 1740 1 NA 0.99703
rs761783 22 47417254 T G + -0.033693 0.019062 0.077134 0.153314092645073 0.92597 1 1740 1 NA 0.60205
