MARKER	CHR	POSITION	EFFECTALLELE	OTHERALLELE	BETA	SE	P	N	IMPUTED	USED_FOR_IMP	IMP_QUALITY
rs12748214	1	4499881	A	G	-0.03746	0.036773	0.30836	1191	1	NA	0.98738
rs3766762	1	53287104	C	T	0.041342	0.050001	0.40833	1191	1	NA	0.97997
rs1039294	1	55869843	C	T	-0.033981	0.031558	0.28158	1191	1	NA	0.97167
rs723714	1	58086775	C	T	-0.029908	0.040725	0.46272	1191	1	NA	0.9653
rs10493287	1	60661070	G	T	0.034962	0.021433	0.10284	1191	1	NA	0.97085
rs11208138	1	63387535	T	C	-0.0064132	0.030067	0.8311	1191	1	NA	0.8961
rs7522354	1	6815640	A	G	-0.027529	0.027243	0.31224	1191	1	NA	0.98159
rs11208711	1	65920434	T	G	-0.0089949	0.021749	0.67918	1191	1	NA	0.97779
rs6701710	1	74124436	T	C	-0.032928	0.03265	0.31321	1191	1	NA	0.95888
rs17099155	1	76792574	G	T	0.068344	0.028168	0.015254	1191	1	NA	0.96712
rs17454842	1	81776337	A	T	-0.0058036	0.033107	0.86085	1191	1	NA	0.77291
rs685472	1	84138931	C	A	0.0084251	0.029553	0.77558	1191	1	NA	0.99049
rs6576819	1	86450336	A	C	0.0023701	0.033813	0.94412	1191	1	NA	0.9779
rs1226187	1	92351794	A	G	-0.0074823	0.021944	0.73312	1191	1	NA	0.96
rs12060288	1	95601383	G	A	-0.048362	0.03558	0.17406	1191	1	NA	0.98999
rs1013024	1	98592125	A	G	0.0073553	0.028554	0.79672	1191	1	NA	0.57023
rs11588568	1	101199548	T	C	0.042791	0.035411	0.22689	1191	1	NA	0.94083
rs7553793	1	103391954	T	C	0.018037	0.021234	0.39565	1191	1	NA	0.99667
rs12046080	1	106526915	T	C	-0.086944	0.048957	0.075746	1191	1	NA	0.73813
rs1149144	1	109192550	T	C	-0.066662	0.040023	0.095794	1191	1	NA	0.56639
rs575208	1	112007914	C	T	-0.0183	0.020504	0.37212	1191	1	NA	0.99403
rs1065634	1	115061291	C	T	-0.017258	0.04072	0.6717	1191	1	NA	0.92106
rs913180	1	117921094	C	G	0.042315	0.046954	0.36748	1191	1	NA	0.4595
rs12403548	1	14328873	C	G	-0.00046909	0.036169	0.98965	1191	1	NA	0.88884
rs4950474	1	144978372	C	A	0.028289	0.027083	0.29625	1191	1	NA	0.80904
rs4845450	1	150857824	T	C	0.011696	0.021662	0.58925	1191	1	NA	0.94773
rs1888861	1	155064585	C	T	0.014346	0.025375	0.57183	1191	1	NA	0.89219
rs10917895	1	162296976	C	T	0.016612	0.021563	0.44106	1191	1	NA	0.99578
rs16856896	1	164539018	A	G	-0.0086896	0.049744	0.86133	1191	0	NA	1
rs2419128	1	166919114	T	C	0.016816	0.021533	0.43484	1191	1	NA	0.98561
rs12409341	1	169030050	G	A	-0.035484	0.032996	0.28219	1191	1	NA	0.39986
rs2009083	1	172244428	G	A	-0.020774	0.033697	0.53757	1191	1	NA	0.98728
rs1635586	1	17537357	A	G	-0.03391	0.023728	0.15298	1191	1	NA	0.93837
rs10913319	1	175627583	T	C	0.02979	0.03321	0.36971	1191	1	NA	0.98993
rs2298206	1	178411711	A	G	0.01239	0.04588	0.78712	1191	1	NA	0.97427
rs12407471	1	181249084	A	C	-0.014577	0.03591	0.6848	1191	1	NA	0.7766
rs5007032	1	187034541	A	G	0.014195	0.023179	0.54028	1191	1	NA	0.92709
rs1246726	1	189616237	T	C	-0.026599	0.020849	0.20203	1190	0	NA	1
rs1359489	1	192534496	G	A	0.013136	0.023227	0.5717	1191	1	NA	0.99275
rs388338	1	195171556	A	C	0.035292	0.030041	0.24007	1191	1	NA	0.79994
rs2816932	1	198247901	C	T	0.010402	0.034265	0.76146	1191	1	NA	0.96755
rs598782	1	200839219	T	C	-0.043451	0.028626	0.12905	1191	1	NA	0.70147
rs2501908	1	208805373	T	A	0.072425	0.068677	0.29162	1191	1	NA	0.49001
rs11120144	1	211737377	A	C	0.0058336	0.024804	0.81406	1191	1	NA	0.92862
rs1006236	1	214104268	T	C	-0.073103	0.047486	0.12369	1191	1	NA	0.96127
rs10495065	1	215899823	G	C	0.024037	0.025885	0.3531	1191	1	NA	0.98527
rs12403850	1	218146004	T	C	-0.0048927	0.027634	0.85947	1191	1	NA	0.81096
rs12408622	1	221728726	T	C	-0.057205	0.052581	0.27663	1191	0	NA	1
rs2073489	1	225130294	T	C	-0.009031	0.022773	0.69168	1191	1	NA	0.85858
rs910501	1	228311492	T	C	0.023516	0.027078	0.38515	1191	1	NA	0.87906
rs12128452	1	20016293	G	T	0.045466	0.021991	0.03869	1191	1	NA	0.96798
rs12033074	1	22839196	G	C	0.025233	0.023472	0.28235	1191	1	NA	0.90829
rs7537892	1	230604463	G	C	0.014158	0.02764	0.60848	1191	1	NA	0.92668
rs6698270	1	232672626	G	A	0.0013849	0.042026	0.97371	1191	1	NA	0.69804
rs1252168	1	235236380	G	C	-0.04852	0.028507	0.088751	1191	1	NA	0.95222
rs2689140	1	237080072	C	T	-0.026632	0.021357	0.21241	1191	1	NA	0.98339
rs10926413	1	239337838	A	G	0.034448	0.036609	0.34672	1191	1	NA	0.80849
rs6672888	1	242257346	C	T	0.044164	0.044193	0.31762	1191	1	NA	0.63389
rs12737946	1	26952481	G	A	0.057044	0.039247	0.14609	1191	1	NA	0.98856
rs12120693	1	30638803	A	G	0.00059169	0.022586	0.9791	1191	1	NA	0.99624
rs12563385	1	34201522	A	G	0.032364	0.050374	0.52056	1191	1	NA	0.94937
rs4411102	1	37836011	G	C	0.0063898	0.020757	0.75821	1191	1	NA	0.98194
rs570594	1	41346233	G	A	0.017672	0.032927	0.59147	1191	1	NA	0.8085
rs12741488	1	44406722	C	T	-0.05204	0.055678	0.34996	1191	1	NA	0.71158
rs2270973	1	48293364	C	A	0.0084879	0.029857	0.7762	1191	1	NA	0.57956
rs12618964	2	768436	G	A	-0.013591	0.029075	0.64019	1191	1	NA	0.56956
rs9789631	2	3195874	A	C	-0.016033	0.041442	0.69884	1191	1	NA	0.87093
rs2698032	2	51619359	G	A	0.0072878	0.025273	0.77307	1191	1	NA	0.65735
rs6545320	2	53204602	G	A	0.04206	0.022011	0.056025	1191	1	NA	0.91197
rs2576722	2	55315327	T	A	-0.0045798	0.029573	0.87693	1191	1	NA	0.96026
rs2612314	2	57724851	C	T	-0.0014611	0.021505	0.94583	1191	1	NA	0.99537
rs7581043	2	60382263	C	T	0.012628	0.04783	0.79177	1191	0	NA	1
rs6431987	2	5506380	A	G	-0.0075244	0.023697	0.75085	1191	1	NA	0.78491
rs16866010	2	7265830	A	G	0.0022572	0.0261	0.93108	1191	1	NA	0.96352
rs287979	2	9888418	T	C	-0.01924	0.024974	0.44107	1191	1	NA	0.99417
rs9309393	2	66749769	G	A	0.0092225	0.02935	0.75335	1191	1	NA	0.99166
rs4854436	2	68738170	G	A	-0.026757	0.021076	0.20423	1191	0	NA	1
rs7419694	2	71375621	T	G	0.01908	0.035751	0.59356	1191	1	NA	0.98743
rs363674	2	74667124	T	C	0.037896	0.050872	0.45632	1191	0	NA	1
rs10208376	2	76802502	T	C	0.06997	0.028461	0.013955	1191	1	NA	0.77313
rs10188590	2	79009064	C	A	-0.043906	0.030689	0.15253	1191	1	NA	0.99178
rs2862349	2	80752524	G	T	0.0064951	0.021599	0.76364	1191	1	NA	0.97253
rs7578319	2	83768063	T	C	-0.02942	0.022278	0.18665	1191	1	NA	0.99602
rs13023154	2	86370495	A	G	0.012217	0.02143	0.56862	1191	1	NA	0.99388
rs11674781	2	101443532	A	G	0.023748	0.022097	0.28252	1191	1	NA	0.988
rs7575343	2	106501602	T	C	0.017083	0.02059	0.40671	1191	0	NA	1
rs17269605	2	109083526	C	T	-0.046842	0.037316	0.20937	1191	1	NA	0.9806
rs895415	2	113739687	A	G	0.0097986	0.021097	0.64232	1191	0	NA	1
rs1472777	2	116851977	C	A	-0.11111	0.040118	0.0056117	1191	1	NA	0.92707
rs11679232	2	119338380	T	C	-0.0058632	0.026011	0.82166	1191	1	NA	0.87968
rs6751582	2	12207046	A	T	-0.011583	0.023478	0.62176	1191	1	NA	0.96835
rs10495638	2	14362603	T	A	-0.022494	0.020812	0.27978	1191	1	NA	0.9947
rs12616653	2	122552911	G	C	-0.044686	0.033351	0.18028	1191	1	NA	0.98951
rs780012	2	124758844	G	A	0.0034421	0.022872	0.88038	1191	1	NA	0.96607
rs13032403	2	127431465	G	A	0.041289	0.037793	0.27461	1191	1	NA	0.98066
rs1012734	2	130092481	T	C	0.0046759	0.020937	0.82328	1191	0	NA	1
rs12989210	2	134244170	T	C	-0.013775	0.0279	0.6215	1191	1	NA	0.99329
rs1427599	2	137264012	C	T	0.0054427	0.037025	0.88313	1191	1	NA	0.93366
rs7608213	2	139707777	A	G	0.01875	0.026166	0.47363	1191	1	NA	0.993
rs2714174	2	141835471	T	C	0.0021625	0.021249	0.91894	1191	1	NA	0.99305
rs6745506	2	144225895	T	C	0.0083324	0.029402	0.77687	1191	1	NA	0.90524
rs6430212	2	148083779	C	T	-0.043534	0.021628	0.04413	1191	1	NA	0.9948
rs4664723	2	151244278	T	G	-0.039462	0.022401	0.078129	1191	1	NA	0.92999
rs1371402	2	153796744	A	G	-0.03575	0.027184	0.18848	1191	1	NA	0.98705
rs1520343	2	156375700	C	A	0.026947	0.021809	0.21661	1191	1	NA	0.98386
rs17811857	2	159608200	G	A	-0.031054	0.025254	0.21882	1191	1	NA	0.8209
rs7571944	2	162678192	C	G	-0.015784	0.021647	0.46591	1191	1	NA	0.97594
rs6706169	2	165989378	A	G	0.024106	0.024178	0.31876	1191	1	NA	0.97378
rs10167007	2	168790606	A	T	0.0046409	0.020935	0.82456	1191	1	NA	0.99676
rs9646736	2	174238711	G	A	-0.026456	0.028526	0.35371	1190	0	NA	1
rs11889461	2	16564208	A	G	0.003747	0.023307	0.87228	1191	1	NA	0.99193
rs6754588	2	18710954	A	G	-0.037976	0.025678	0.13917	1191	1	NA	0.98982
rs11678205	2	179894334	A	T	-0.015692	0.023512	0.50453	1191	1	NA	0.86841
rs155111	2	182061512	G	A	0.020615	0.023078	0.37171	1191	1	NA	0.82762
rs12693374	2	184914441	G	A	0.023351	0.027806	0.40102	1191	1	NA	0.81918
rs16829329	2	188435079	A	G	0.018826	0.036153	0.60254	1191	1	NA	0.77946
rs13029247	2	191574903	C	T	-0.014745	0.024619	0.54921	1191	1	NA	0.85215
rs12613072	2	195614676	A	G	0.044531	0.036983	0.22855	1191	1	NA	0.80282
rs16824410	2	199005996	T	C	-0.0040277	0.027545	0.88374	1191	1	NA	0.98732
rs16838482	2	202522667	G	C	0.020442	0.055425	0.71226	1191	1	NA	0.50474
rs11687914	2	206072732	T	C	0.0032823	0.02099	0.87574	1191	1	NA	0.95491
rs10170780	2	209224978	G	A	-0.031516	0.073669	0.6688	1191	1	NA	0.48536
rs17406681	2	212111632	T	C	0.016546	0.025354	0.514	1191	0	NA	1
rs2136777	2	214508671	T	G	-0.035139	0.057671	0.54232	1191	1	NA	0.81319
rs2738287	2	217058081	T	C	0.00054476	0.02284	0.98097	1191	1	NA	0.99334
rs11883934	2	220316701	G	C	0.041168	0.033036	0.21272	1191	1	NA	0.98809
rs2113402	2	222585628	G	C	-0.038977	0.04215	0.35511	1191	1	NA	0.89917
rs6748928	2	224985250	G	C	-0.0095842	0.026715	0.71978	1191	1	NA	0.89973
rs9288619	2	227773316	G	A	0.017619	0.047253	0.70925	1191	1	NA	0.33432
rs13011734	2	23558894	A	G	-0.0077891	0.023375	0.73897	1191	1	NA	0.82791
rs11695483	2	230232977	G	A	-0.041065	0.02127	0.053528	1191	1	NA	0.99045
rs4973588	2	233543219	A	G	-0.00089331	0.028943	0.97538	1191	1	NA	0.98147
rs2380270	2	235339322	C	T	-0.0051769	0.030109	0.86349	1191	1	NA	0.99145
rs6731938	2	29972066	G	A	0.014059	0.025205	0.577	1191	1	NA	0.99141
rs1022719	2	32856243	G	T	-0.0024585	0.021078	0.90715	1191	1	NA	0.97852
rs1898667	2	34875923	C	A	-0.0026393	0.021135	0.90062	1191	1	NA	0.95413
rs1529625	2	38799205	C	A	0.0085529	0.022657	0.7058	1191	1	NA	0.93446
rs17685188	2	41205135	T	A	-0.044397	0.020658	0.031624	1191	1	NA	0.97524
rs766829	2	43203184	T	C	0.056225	0.02724	0.03901	1191	0	NA	1
rs11904395	2	45409892	G	A	-0.03383	0.035658	0.34275	1191	0	NA	1
rs1404770	2	47277766	A	T	0.018982	0.02818	0.50057	1191	1	NA	0.87932
rs4527244	2	49708835	T	C	0.023629	0.030341	0.43611	1191	0	NA	1
rs1504071	3	1094192	G	A	0.030189	0.024314	0.21437	1191	1	NA	0.88505
rs2675301	3	2718000	A	G	0.0040253	0.030475	0.89492	1191	1	NA	0.77304
rs2168866	3	50714701	A	G	0.037038	0.031459	0.23905	1191	1	NA	0.96761
rs2261210	3	54830973	T	C	-0.012554	0.023902	0.59944	1191	1	NA	0.97617
rs727977	3	57470138	C	G	0.0011002	0.027272	0.96782	1191	1	NA	0.95128
rs2630200	3	60032200	A	G	0.0035875	0.022848	0.87523	1191	1	NA	0.99549
rs17766381	3	61969241	G	T	-0.0060657	0.031324	0.84645	1191	1	NA	0.89191
rs27959	3	64112083	T	C	0.035409	0.05951	0.55184	1191	1	NA	0.47682
rs9879475	3	6385960	C	T	0.011005	0.020677	0.59457	1191	0	NA	1
rs458458	3	8160570	C	T	0.022	0.022192	0.32152	1191	1	NA	0.9956
rs332373	3	66513877	T	C	-0.072251	0.050574	0.15312	1191	1	NA	0.944
rs3937845	3	68931316	C	T	0.0059069	0.021989	0.78822	1191	1	NA	0.96202
rs4995840	3	71830763	T	C	0.0076925	0.026942	0.77525	1191	1	NA	0.97023
rs9880722	3	74069410	A	G	-0.080912	0.032064	0.011621	1191	1	NA	0.65615
rs17821010	3	77341378	A	C	-0.020443	0.023706	0.38851	1191	1	NA	0.98951
rs965638	3	80536389	G	A	-0.017576	0.023159	0.44789	1191	1	NA	0.96376
rs12632249	3	83895513	A	G	0.024727	0.028159	0.37987	1191	1	NA	0.9776
rs11713492	3	90060856	A	T	-0.021781	0.024109	0.3663	1191	1	NA	0.96869
rs13070471	3	98062005	C	T	-0.02062	0.03142	0.51164	1191	1	NA	0.57666
rs793462	3	101099151	A	G	0.044235	0.020699	0.032597	1191	1	NA	0.99618
rs674428	3	106771383	A	T	0.0078708	0.027054	0.7711	1191	1	NA	0.99326
rs6769972	3	109547116	T	G	-0.042725	0.022684	0.059636	1191	1	NA	0.99134
rs1489026	3	112479594	G	A	-0.038023	0.027739	0.17046	1191	1	NA	0.99398
rs6764048	3	114815549	G	A	0.0074388	0.021533	0.72975	1191	1	NA	0.99293
rs9851280	3	118052873	G	C	0.029909	0.046839	0.52312	1191	1	NA	0.88384
rs1003274	3	10513529	C	T	0.023061	0.045556	0.61271	1191	1	NA	0.43838
rs360877	3	13080701	A	G	-0.02171	0.021104	0.30362	1191	1	NA	0.98483
rs2717260	3	120459481	C	T	0.010413	0.027642	0.70639	1191	1	NA	0.93474
rs9856011	3	123576260	A	G	0.017794	0.026746	0.50585	1191	1	NA	0.99332
rs12493775	3	126212975	T	A	-0.0054451	0.021477	0.79986	1191	1	NA	0.93941
rs782437	3	128899892	G	A	-0.01912	0.021502	0.37389	1190	0	NA	1
rs16837372	3	132858470	C	T	0.040696	0.068559	0.55279	1191	1	NA	0.59563
rs7646473	3	135182189	A	G	0.0075714	0.022528	0.73681	1191	1	NA	0.92829
rs6802086	3	138479254	G	A	-0.024637	0.031704	0.4371	1191	1	NA	0.98993
rs11717522	3	141583716	T	C	0.0082155	0.020461	0.68804	1191	1	NA	0.97945
rs13061398	3	144742512	T	C	-0.0021614	0.029731	0.94205	1191	1	NA	0.98684
rs275644	3	149948230	T	C	-0.028274	0.073716	0.70131	1191	1	NA	0.55542
rs4234327	3	152705054	A	T	-0.032169	0.025235	0.20239	1191	1	NA	0.97987
rs2122364	3	155413651	T	A	0.0082335	0.022304	0.71202	1191	1	NA	0.91717
rs10513510	3	158553510	C	T	-0.022053	0.025684	0.39055	1191	1	NA	0.98743
rs11922142	3	163887892	T	G	-0.035288	0.026257	0.17896	1191	1	NA	0.98993
rs11923554	3	166693147	C	T	-0.026172	0.067408	0.69782	1191	1	NA	0.59167
rs12630461	3	169844585	G	T	-0.020032	0.038142	0.59944	1191	1	NA	0.96075
rs7638344	3	172930093	A	G	0.0029765	0.022539	0.89494	1191	1	NA	0.98805
rs9647358	3	15662846	A	T	0.0082226	0.029103	0.77753	1191	1	NA	0.60943
rs17044564	3	18524622	G	C	0.00024111	0.036887	0.99478	1191	1	NA	0.96168
rs6786118	3	175613570	A	G	-0.0049494	0.021602	0.81877	1191	1	NA	0.98442
rs10936919	3	178128129	G	T	-0.017189	0.061145	0.77861	1191	1	NA	0.82592
rs6790465	3	181391715	G	A	0.0048187	0.022493	0.83037	1191	1	NA	0.99355
rs1976700	3	185375965	G	C	-0.019841	0.023352	0.39552	1191	1	NA	0.85878
rs9815677	3	188631712	T	C	0.012022	0.032249	0.70931	1191	1	NA	0.89536
rs1950084	3	190890838	A	G	0.018265	0.04539	0.68738	1191	1	NA	0.45701
rs9854373	3	192914977	A	C	0.079027	0.07327	0.28078	1191	1	NA	0.56402
rs7644002	3	196545487	G	C	-0.032335	0.026037	0.21429	1191	1	NA	0.95121
rs9873271	3	21410993	C	A	0.010665	0.060067	0.85907	1191	1	NA	0.87496
rs2364118	3	25426465	G	A	-0.046268	0.02645	0.080251	1191	1	NA	0.95938
rs7613696	3	30284574	T	C	0.011515	0.023124	0.61851	1191	1	NA	0.99523
rs6809722	3	32846040	G	A	0.016231	0.020798	0.43514	1191	0	NA	1
rs4419340	3	36022378	G	A	0.028043	0.024963	0.26128	1191	1	NA	0.98353
rs6806378	3	42191762	T	C	-0.033219	0.028854	0.24963	1191	1	NA	0.98675
rs3914472	3	45402434	G	C	-0.011181	0.024949	0.65403	1191	1	NA	0.93342
rs7675404	4	53157921	C	G	-0.076592	0.032036	0.016813	1191	1	NA	0.99104
rs11727729	4	56161633	C	T	-0.0024955	0.037922	0.94753	1164	0	NA	1
rs17603347	4	58850166	T	C	-0.042716	0.023755	0.072144	1191	1	NA	0.91965
rs2631048	4	61496854	C	G	-0.010632	0.035345	0.76357	1191	1	NA	0.97807
rs6838703	4	64857008	A	G	0.013982	0.026074	0.5918	1191	1	NA	0.98825
rs195110	4	5465718	C	G	-0.038295	0.02193	0.080775	1191	1	NA	0.9908
rs744357	4	7573991	T	C	-0.054954	0.026983	0.041687	1191	1	NA	0.6248
rs4697995	4	9873374	A	C	-0.02838	0.041365	0.49265	1191	1	NA	0.97801
rs6552052	4	67529086	G	A	0.011557	0.034802	0.73982	1191	1	NA	0.97725
rs13151337	4	71079707	T	C	-0.00060497	0.02228	0.97834	1191	1	NA	0.86308
rs12503874	4	74841242	C	G	-0.017409	0.026034	0.50369	1191	1	NA	0.64315
rs9991757	4	77847168	G	A	0.015858	0.021989	0.47079	1191	1	NA	0.9687
rs12509468	4	80578442	A	G	-0.036124	0.029333	0.21813	1191	1	NA	0.981
rs6832679	4	83752730	G	A	0.006898	0.04926	0.88863	1191	1	NA	0.96097
rs17014661	4	89982741	G	A	-0.094904	0.06197	0.12566	1191	1	NA	0.92678
rs10516898	4	92808933	T	A	0.0053051	0.063666	0.93359	1191	1	NA	0.861
rs6815593	4	96172124	G	A	0.0064926	0.022614	0.77403	1191	1	NA	0.97924
rs1598538	4	98868989	C	G	-0.0027129	0.030406	0.9289	1191	1	NA	0.98888
rs1827303	4	101713880	T	C	0.020746	0.022889	0.36474	1191	1	NA	0.9945
rs4591675	4	111406064	C	T	0.064507	0.029518	0.028867	1191	1	NA	0.90306
rs13115070	4	114512836	G	A	-0.025677	0.038415	0.50387	1191	1	NA	0.80645
rs7686961	4	117738131	A	G	0.0064763	0.034384	0.8506	1191	1	NA	0.98967
rs7697022	4	119875125	G	A	0.016128	0.02392	0.50015	1191	1	NA	0.94935
rs6846945	4	11965539	G	A	-0.05166	0.022123	0.019538	1191	1	NA	0.93744
rs2867711	4	14057383	C	T	0.025804	0.021207	0.22371	1191	1	NA	0.99532
rs523228	4	122588522	C	T	0.02817	0.021768	0.19562	1191	1	NA	0.97584
rs10518518	4	128357043	C	G	0.02239	0.023145	0.33336	1191	1	NA	0.98613
rs2054931	4	131780586	C	T	0.011426	0.024988	0.6475	1187	0	NA	1
rs2660692	4	134839143	T	C	-0.031895	0.024316	0.18962	1191	1	NA	0.95613
rs11732270	4	137982674	C	G	-0.021357	0.03367	0.52587	1191	1	NA	0.97703
rs6840907	4	140981870	T	C	0.023631	0.022827	0.30058	1191	1	NA	0.91398
rs191762	4	143903152	C	T	-0.011351	0.022455	0.6132	1191	1	NA	0.97999
rs17656106	4	147993303	C	T	-0.050211	0.050347	0.31863	1191	1	NA	0.97679
rs7657457	4	151430211	C	T	0.034624	0.022436	0.12278	1191	0	NA	1
rs938717	4	155114044	C	T	0.029022	0.024818	0.24225	1191	1	NA	0.9902
rs12650506	4	163709229	C	T	-0.0023815	0.050519	0.9624	1191	1	NA	0.94553
rs13110546	4	166567357	G	A	-0.0074135	0.022475	0.74151	1191	1	NA	0.99354
rs13145897	4	169529757	A	G	-0.019717	0.022914	0.38953	1191	1	NA	0.94687
rs7695786	4	172389093	A	C	0.022057	0.032799	0.50128	1191	1	NA	0.99065
rs13145127	4	16426012	C	T	0.030019	0.026195	0.2518	1191	1	NA	0.7609
rs4147100	4	175629744	A	G	0.013328	0.032975	0.68608	1191	1	NA	0.97076
rs997164	4	178256575	A	C	0.010573	0.021568	0.62396	1191	1	NA	0.9484
rs10001176	4	180742432	C	A	-0.0015263	0.049542	0.97542	1191	1	NA	0.93025
rs12498571	4	182711009	G	C	-0.016362	0.021387	0.44425	1191	1	NA	0.92834
rs4241784	4	185269979	T	G	0.015235	0.021281	0.47406	1191	0	NA	1
rs6834299	4	187934009	T	C	0.027693	0.021928	0.20663	1191	1	NA	0.98406
rs10866321	4	190604648	G	A	0.01632	0.021327	0.44413	1191	1	NA	0.94871
rs12512316	4	21480772	G	A	-0.024291	0.021156	0.25091	1191	1	NA	0.94226
rs7699760	4	29404765	G	A	0.028554	0.029683	0.33606	1191	1	NA	0.96663
rs13124843	4	31978367	G	A	-0.068587	0.0428	0.10904	1191	1	NA	0.964
rs1991227	4	35334871	G	A	-0.0048188	0.055697	0.93106	1191	1	NA	0.92488
rs2911927	4	37436772	A	G	-0.012556	0.037177	0.73556	1191	1	NA	0.92954
rs7663681	4	42804500	A	G	-0.030146	0.024617	0.22072	1191	1	NA	0.96523
rs11949831	5	2457605	G	A	0.006508	0.023866	0.78509	1191	1	NA	0.9634
rs634344	5	3997125	G	A	0.050123	0.037803	0.18488	1191	1	NA	0.95722
rs10940241	5	51568114	A	G	0.01722	0.027525	0.53157	1191	1	NA	0.99232
rs3776644	5	53617522	T	C	-0.035426	0.04702	0.4512	1191	1	NA	0.5312
rs16886034	5	56019613	C	T	0.014209	0.056799	0.80246	1191	1	NA	0.48204
rs159725	5	58215044	T	A	0.02776	0.034552	0.42174	1191	1	NA	0.94969
rs10514916	5	61011840	G	A	-0.045092	0.024208	0.062507	1191	1	NA	0.9956
rs275821	5	64076820	C	T	-0.052285	0.030275	0.084167	1191	1	NA	0.68841
rs187632	5	5839702	A	G	-0.0052673	0.023796	0.82482	1191	1	NA	0.78226
rs268485	5	9479201	G	C	-0.013522	0.049027	0.7827	1191	1	NA	0.95678
rs317981	5	66743334	T	C	0.015225	0.036807	0.67914	1191	1	NA	0.96876
rs922071	5	71408759	G	T	-0.070575	0.031806	0.026494	1191	1	NA	0.9415
rs9968646	5	73894871	G	A	-0.0018329	0.047089	0.96895	1191	1	NA	0.43123
rs13179491	5	76697108	G	A	-0.0029484	0.024073	0.90252	1191	1	NA	0.987
rs256440	5	79378275	A	G	0.023902	0.02889	0.40804	1191	1	NA	0.82891
rs11746975	5	82123467	T	C	0.0068623	0.022529	0.76067	1191	1	NA	0.86946
rs10042000	5	85018338	G	A	-0.020516	0.023561	0.38387	1191	1	NA	0.9661
rs10514304	5	88509084	T	C	-0.011922	0.031007	0.7006	1191	1	NA	0.9892
rs2216590	5	92107238	G	C	-0.031216	0.025251	0.21637	1191	1	NA	0.99469
rs11743265	5	95770500	A	G	-0.020886	0.024109	0.3863	1191	1	NA	0.95229
rs2121667	5	98453100	A	C	0.033263	0.022061	0.13161	1191	1	NA	0.98445
rs11740173	5	101380466	A	C	-0.015535	0.023881	0.51537	1191	1	NA	0.87724
rs1370189	5	104123592	T	C	0.0075552	0.033462	0.82137	1191	1	NA	0.86903
rs13159331	5	107059960	A	G	0.028725	0.025036	0.25123	1191	1	NA	0.98298
rs6895205	5	112013292	G	T	0.00094246	0.021322	0.96474	1191	1	NA	0.97898
rs4920935	5	116134125	G	A	0.00026894	0.02349	0.99087	1191	0	NA	1
rs7737716	5	118245373	T	C	-0.041994	0.03214	0.19135	1191	1	NA	0.87529
rs11743734	5	11382629	T	G	0.11951	0.069776	0.086749	1191	1	NA	0.74983
rs27482	5	14218187	A	G	0.00081404	0.022723	0.97142	1191	1	NA	0.99283
rs10035446	5	120857084	T	C	-0.00040166	0.020905	0.98467	1191	1	NA	0.99555
rs17151060	5	123363123	G	T	-0.068649	0.041058	0.094529	1191	1	NA	0.98581
rs1393145	5	125367748	A	G	-0.0056994	0.028299	0.84039	1191	1	NA	0.96427
rs10039821	5	128118463	T	C	0.0063033	0.051015	0.90167	1191	1	NA	0.90367
rs4705913	5	131385265	T	A	0.04023	0.020781	0.052879	1191	1	NA	0.98803
rs17715902	5	134479364	A	G	-0.0017976	0.023386	0.93873	1191	1	NA	0.84959
rs6877338	5	141300770	G	A	-0.021214	0.041541	0.60958	1191	1	NA	0.96563
rs13182980	5	143624973	T	G	-0.0044807	0.033984	0.89511	1191	1	NA	0.67062
rs471172	5	146266940	T	G	0.028655	0.026253	0.27506	1191	1	NA	0.65286
rs353274	5	148743536	G	A	0.040218	0.027907	0.14954	1191	1	NA	0.97276
rs3776959	5	151024781	G	C	0.012142	0.02162	0.57439	1191	1	NA	0.96181
rs286956	5	153315076	C	A	-0.019665	0.022097	0.3735	1191	1	NA	0.9586
rs6866172	5	158147955	G	A	0.0084761	0.037228	0.81989	1191	1	NA	0.98563
rs248370	5	160633873	G	A	-0.020236	0.023865	0.39647	1191	1	NA	0.84591
rs9313986	5	163239419	G	A	-0.0048134	0.026676	0.85681	1191	0	NA	1
rs2961846	5	165852788	C	T	0.0016928	0.047007	0.97127	1191	1	NA	0.96749
rs13359468	5	168376646	T	A	0.015165	0.027002	0.57438	1191	1	NA	0.92664
rs4868038	5	170215669	C	T	-0.027387	0.026865	0.308	1191	1	NA	0.80687
rs7717406	5	172932011	A	G	-0.010505	0.021506	0.62521	1191	1	NA	0.9764
rs2644648	5	174830618	C	T	0.0089811	0.028449	0.75223	1191	1	NA	0.57389
rs6896683	5	17041253	A	G	0.0052312	0.025018	0.83438	1191	1	NA	0.92629
rs252064	5	178565088	A	G	0.023897	0.025308	0.34504	1191	0	NA	1
rs6887371	5	22988324	T	G	0.0015868	0.026514	0.95228	1191	1	NA	0.99385
rs11952604	5	25608966	G	A	0.016409	0.022349	0.46282	1191	1	NA	0.87059
rs10070482	5	28505339	T	C	0.048287	0.042876	0.26008	1191	1	NA	0.98612
rs11748731	5	30913817	T	C	0.02237	0.049281	0.64988	1191	1	NA	0.77746
rs13159550	5	33257249	G	A	-0.0085161	0.022811	0.7089	1191	1	NA	0.95641
rs6882117	5	35844504	C	A	-0.046656	0.023691	0.048909	1191	1	NA	0.94396
rs3729598	5	38559497	C	T	0.025485	0.069416	0.71352	1191	1	NA	0.67256
rs2455305	5	40965572	A	G	0.020405	0.030214	0.49944	1191	1	NA	0.95471
rs6897692	5	44118604	C	T	-0.032092	0.030503	0.29276	1191	0	NA	1
rs9328467	6	834708	G	A	0.076146	0.056572	0.1783	1191	1	NA	0.4391
rs2179269	6	4782337	T	G	-0.013058	0.036046	0.71714	1191	1	NA	0.72703
rs183108	6	54418757	A	G	0.012722	0.041651	0.76003	1191	1	NA	0.98548
rs9475684	6	56336188	T	C	0.036427	0.047981	0.44774	1191	1	NA	0.97452
rs2639420	6	63159949	T	C	0.0063353	0.020887	0.76165	1191	0	NA	1
rs9392818	6	6586034	A	G	0.029344	0.024051	0.22245	1191	1	NA	0.95912
rs330128	6	8499089	T	G	0.018147	0.049475	0.71378	1191	1	NA	0.87758
rs10944788	6	66104251	G	A	-0.0061972	0.040277	0.87772	1191	1	NA	0.70122
rs2503918	6	67847925	T	A	0.016263	0.033767	0.63007	1191	1	NA	0.97428
rs7749628	6	69932040	T	C	-0.017275	0.029702	0.56081	1191	1	NA	0.98663
rs547136	6	72267144	C	T	0.0068086	0.055557	0.90246	1191	0	NA	1
rs4235883	6	74760924	A	G	-0.0044939	0.035389	0.89895	1191	1	NA	0.91277
rs323254	6	77733894	T	C	-0.019344	0.021249	0.36263	1191	1	NA	0.98817
rs6939506	6	80163711	T	G	-0.017425	0.040819	0.66947	1191	1	NA	0.93798
rs9361805	6	82145130	G	A	0.018427	0.023084	0.42473	1191	1	NA	0.98574
rs1535060	6	85100195	G	A	-0.011141	0.026427	0.67333	1191	1	NA	0.89402
rs1325177	6	87523594	G	A	-0.005959	0.02097	0.77628	1191	1	NA	0.96828
rs9451212	6	90147840	C	G	0.0066679	0.021557	0.75708	1191	1	NA	0.9921
rs567042	6	92455513	C	T	-0.010299	0.034461	0.76505	1191	1	NA	0.98155
rs9354058	6	94672710	T	C	0.066933	0.048781	0.17003	1191	1	NA	0.93424
rs760620	6	96965623	G	A	0.024976	0.05937	0.67399	1191	1	NA	0.95126
rs9389084	6	99730716	G	C	0.0051277	0.024679	0.8354	1191	1	NA	0.98398
rs6907727	6	102217300	G	A	0.042916	0.02742	0.11756	1191	1	NA	0.97493
rs11156373	6	104769933	C	T	0.012007	0.021028	0.56802	1191	1	NA	0.98136
rs1891720	6	107259564	T	C	-0.025357	0.025481	0.31966	1191	1	NA	0.89527
rs9398226	6	110335360	C	T	-0.063681	0.034109	0.061904	1191	0	NA	1
rs1455911	6	113102539	G	A	-0.042552	0.033009	0.19736	1191	1	NA	0.95848
rs2064426	6	116097795	A	T	0.034961	0.021725	0.10757	1191	1	NA	0.92999
rs283044	6	118736558	G	T	-0.054636	0.021009	0.0093054	1191	1	NA	0.99611
rs9379840	6	10964087	A	G	-0.037985	0.024588	0.12238	1191	1	NA	0.94478
rs2026458	6	12933860	T	C	-0.024141	0.021939	0.27117	1191	1	NA	0.88508
rs9374951	6	120999232	T	C	0.0321	0.056112	0.56728	1191	1	NA	0.97312
rs361509	6	123581308	T	C	0.014853	0.021135	0.48219	1191	1	NA	0.99203
rs17723027	6	129265501	G	C	0.098176	0.039596	0.01316	1191	1	NA	0.98404
rs3777442	6	131251481	T	C	-0.0051701	0.021357	0.80872	1191	1	NA	0.99598
rs6907883	6	133592573	G	C	-0.0087687	0.025083	0.72665	1191	1	NA	0.96079
rs9385745	6	136232051	C	T	-0.050948	0.06003	0.39604	1191	1	NA	0.77052
rs9389604	6	139064556	A	T	-0.027308	0.028308	0.33471	1191	1	NA	0.85551
rs7753254	6	142219367	G	A	-0.043657	0.021854	0.045752	1191	1	NA	0.93569
rs952050	6	144976896	T	A	0.0057951	0.027585	0.83361	1191	1	NA	0.98866
rs17076671	6	147593074	C	T	0.022182	0.050178	0.65843	1191	1	NA	0.98005
rs9390669	6	149627414	G	A	0.022117	0.021702	0.30815	1191	1	NA	0.96339
rs2101240	6	151697087	G	A	-0.06619	0.065899	0.31518	1191	1	NA	0.60615
rs6930625	6	153744405	T	C	0.021928	0.032427	0.4989	1191	1	NA	0.47224
rs2201888	6	155984378	T	C	-0.10954	0.044616	0.014079	1191	1	NA	0.403
rs4478433	6	158653875	T	G	-0.045403	0.045186	0.315	1191	1	NA	0.83369
rs2504930	6	160765209	T	C	0.020257	0.025954	0.4351	1191	1	NA	0.97527
rs881830	6	162880206	C	G	-0.0068245	0.021771	0.75392	1191	1	NA	0.9318
rs1832649	6	164771956	A	C	-0.018417	0.02235	0.40994	1191	1	NA	0.96731
rs7753174	6	166562840	A	G	-0.019376	0.032818	0.55492	1191	1	NA	0.81907
rs4710729	6	170635254	A	G	0.027664	0.025929	0.28602	1191	1	NA	0.97389
rs4085876	6	15537710	T	C	0.021122	0.021923	0.33531	1191	1	NA	0.992
rs9367972	6	17989196	G	A	-0.0089473	0.022937	0.69648	1191	1	NA	0.84937
rs994646	6	20030029	T	A	0.0033497	0.050356	0.94696	1191	1	NA	0.97198
rs9466300	6	22367659	C	T	0.004805	0.033613	0.88633	1191	1	NA	0.91507
rs1177441	6	25967392	G	A	-0.021118	0.02904	0.4671	1191	1	NA	0.97739
rs9257248	6	28911270	T	C	-0.049962	0.032941	0.12934	1191	1	NA	0.97137
rs9261271	6	30138168	A	T	0.056113	0.047966	0.24205	1191	1	NA	0.87399
rs2524052	6	31361975	G	A	-0.049509	0.021016	0.018484	1191	1	NA	0.98347
rs3998159	6	32789997	C	A	0.0083055	0.035685	0.81596	1191	1	NA	0.8839
rs1565356	6	34154043	A	C	0.021035	0.05842	0.7188	1191	1	NA	0.46781
rs2025645	6	41627632	G	A	0.01069	0.026743	0.68934	1191	1	NA	0.76255
rs755	6	44903768	T	C	0.010156	0.022758	0.65542	1191	1	NA	0.9941
rs7768474	6	47269077	G	A	0.030776	0.020909	0.14106	1191	1	NA	0.97639
rs6926054	6	49751832	G	T	-0.025784	0.023917	0.28102	1191	1	NA	0.99014
rs17150661	7	3494060	G	A	0.033916	0.044353	0.44446	1191	1	NA	0.91004
rs13225022	7	51816972	G	A	-0.033497	0.023717	0.15785	1191	1	NA	0.84537
rs1477495	7	53647659	C	A	0.11465	0.052915	0.030252	1191	1	NA	0.96869
rs10232581	7	56285179	T	C	-0.029732	0.040954	0.46785	1191	0	NA	1
rs10254630	7	6605488	G	A	0.0083414	0.022771	0.71413	1191	1	NA	0.97456
rs2349506	7	8654045	G	A	0.022555	0.02311	0.32909	1191	1	NA	0.99103
rs1643393	7	65473530	A	T	0.041928	0.021622	0.052484	1191	1	NA	0.99094
rs12056012	7	68350057	G	T	-0.0078931	0.057216	0.89028	1191	1	NA	0.37906
rs7784792	7	71556442	C	T	-0.016518	0.025966	0.52467	1191	1	NA	0.92116
rs10953544	7	77852530	A	T	0.011616	0.044124	0.79235	1191	1	NA	0.98528
rs819451	7	80015725	C	A	-0.037846	0.02107	0.072469	1191	1	NA	0.99378
rs17239691	7	82540022	T	C	-0.013406	0.035982	0.70947	1191	1	NA	0.95114
rs10234345	7	85253306	G	A	-0.028118	0.0452	0.53389	1191	1	NA	0.92399
rs6974894	7	88260750	A	G	-0.00096813	0.027885	0.9723	1191	1	NA	0.96546
rs2072432	7	93470946	A	C	-0.019044	0.021821	0.38282	1191	1	NA	0.89266
rs1207688	7	96399967	C	T	-0.006976	0.020509	0.73375	1191	0	NA	1
rs10081181	7	100837433	T	C	0.056619	0.04677	0.22605	1191	1	NA	0.96269
rs12705240	7	104029173	T	C	-0.025793	0.02818	0.36003	1191	1	NA	0.9766
rs2072063	7	107117670	T	C	0.00093139	0.050252	0.98521	1191	1	NA	0.52147
rs7806423	7	109748084	T	C	0.029146	0.025469	0.25247	1191	1	NA	0.83833
rs10237172	7	112845558	A	G	-0.036128	0.0266	0.1744	1191	1	NA	0.91533
rs17139270	7	116465875	A	G	-0.004506	0.039989	0.91028	1191	1	NA	0.88485
rs2883770	7	12005694	A	G	0.010618	0.026079	0.68389	1191	1	NA	0.93215
rs1404947	7	13610077	A	G	0.0013988	0.022556	0.95055	1191	1	NA	0.93215
rs17142860	7	120043340	G	A	0.036661	0.04738	0.43907	1191	1	NA	0.93847
rs666266	7	123204995	G	A	0.011239	0.022296	0.6142	1191	1	NA	0.98935
rs737107	7	125685220	C	T	-0.01731	0.025228	0.49262	1191	1	NA	0.95446
rs9801310	7	131390387	G	A	0.028754	0.037035	0.43751	1191	1	NA	0.98244
rs3800693	7	133995567	G	T	-0.02079	0.020819	0.31799	1191	1	NA	0.99304
rs833005	7	136508822	G	A	0.033002	0.025699	0.19908	1191	1	NA	0.99158
rs10952730	7	139886020	G	C	-0.023939	0.021338	0.26191	1191	1	NA	0.91283
rs10275665	7	143268908	T	C	-0.064982	0.043717	0.13717	1191	1	NA	0.96506
rs1476722	7	147915511	A	T	-0.095106	0.061006	0.119	1191	1	NA	0.59204
rs11770365	7	151308606	G	T	0.0078706	0.023602	0.73878	1191	1	NA	0.94635
rs10264615	7	156894409	G	A	0.038005	0.022027	0.08445	1191	1	NA	0.96358
rs7781733	7	15457634	G	T	0.023075	0.022433	0.30364	1191	1	NA	0.85257
rs4721606	7	17442831	A	G	-0.029423	0.034597	0.39507	1191	1	NA	0.97305
rs11972484	7	19507571	A	G	-0.04855	0.046381	0.29521	1191	1	NA	0.84902
rs11971519	7	21440794	C	T	0.01307	0.040216	0.74518	1191	1	NA	0.87448
rs6976831	7	23528751	T	C	-0.016997	0.036333	0.63991	1191	1	NA	0.86203
rs9638826	7	25521381	A	G	-0.024016	0.022989	0.29616	1191	0	NA	1
rs1980330	7	27596848	G	T	-0.010584	0.022657	0.64039	1191	1	NA	0.97435
rs10216128	7	29819737	G	A	-0.023509	0.036724	0.52207	1191	1	NA	0.92683
rs4723132	7	32213390	G	A	0.071787	0.039171	0.066853	1191	1	NA	0.34842
rs2530547	7	34664447	T	C	-0.0070027	0.024653	0.77638	1191	1	NA	0.8109
rs859530	7	39029390	G	T	0.042993	0.047697	0.36738	1191	1	NA	0.88508
rs6463082	7	41988266	G	A	0.0089727	0.022175	0.68575	1191	1	NA	0.95733
rs1006231	7	44864067	C	T	0.0018171	0.028528	0.94921	1191	1	NA	0.95088
rs6977547	7	47128716	A	C	-0.010109	0.028728	0.72491	1191	1	NA	0.99203
rs17392781	7	49449307	A	G	-0.00045958	0.023246	0.98423	1191	1	NA	0.99311
rs2174099	8	933572	C	G	0.019085	0.030425	0.53048	1191	1	NA	0.87701
rs11991056	8	2694124	C	T	-0.030016	0.043453	0.48972	1191	1	NA	0.9461
rs2725002	8	4491859	A	G	0.01409	0.022116	0.52406	1191	1	NA	0.93169
rs7835336	8	50120448	A	G	-0.050214	0.020936	0.016465	1191	0	NA	1
rs4336603	8	52630973	T	C	0.016907	0.023463	0.47116	1191	1	NA	0.96745
rs7834635	8	55336945	G	A	-0.024773	0.038157	0.51618	1191	1	NA	0.8708
rs353739	8	57865413	A	G	0.012151	0.027738	0.66134	1191	1	NA	0.98689
rs10504271	8	60059061	C	A	0.015566	0.026425	0.55581	1191	1	NA	0.99295
rs1874219	8	62847887	A	T	-0.028525	0.022862	0.21214	1191	1	NA	0.9756
rs4427197	8	5504204	G	A	1.73E-06	0.021094	0.99993	1191	1	NA	0.99469
rs2912007	8	6505362	A	G	-0.044966	0.021311	0.034863	1191	1	NA	0.97942
rs4538888	8	9254784	T	C	0.017927	0.024034	0.45574	1191	0	NA	1
rs16931195	8	65511581	T	C	-0.0070908	0.032839	0.82905	1191	1	NA	0.98498
rs12549798	8	69166928	T	G	0.020659	0.021998	0.34766	1191	1	NA	0.97569
rs268597	8	71677121	C	T	-0.0052607	0.038864	0.89233	1191	1	NA	0.98374
rs2247121	8	73799263	A	G	0.014333	0.022278	0.51999	1191	0	NA	1
rs7015436	8	76363384	T	C	-0.022531	0.020167	0.26389	1189	0	NA	1
rs10091822	8	78856782	G	A	0.095643	0.04957	0.053675	1191	1	NA	0.80424
rs3739342	8	82045405	G	A	0.010013	0.040572	0.80507	1191	1	NA	0.95198
rs4418335	8	84600150	A	C	0.018567	0.022403	0.40724	1191	1	NA	0.9862
rs13255427	8	88135775	G	A	0.036272	0.06003	0.54569	1191	1	NA	0.91687
rs1011682	8	91089132	G	A	0.019074	0.021851	0.3827	1191	1	NA	0.9846
rs16915879	8	94420237	G	A	-0.10508	0.039776	0.0082472	1191	1	NA	0.94268
rs1010771	8	96870900	G	C	-0.0084448	0.021318	0.69201	1191	1	NA	0.93203
rs3019293	8	99916148	A	G	-0.02959	0.02124	0.16358	1191	0	NA	1
rs16868941	8	103121553	A	G	0.033935	0.024868	0.17238	1191	1	NA	0.93602
rs13256669	8	105494515	A	G	0.026685	0.022461	0.23482	1191	1	NA	0.99017
rs4734143	8	108018405	T	C	0.029265	0.023234	0.20781	1191	1	NA	0.95015
rs950985	8	113324278	C	T	-0.029342	0.020962	0.16157	1191	1	NA	0.99073
rs7816550	8	115962230	T	C	0.0038856	0.025874	0.88063	1191	1	NA	0.98977
rs11778398	8	11011653	T	C	-0.0040705	0.021467	0.84961	1191	1	NA	0.98455
rs7002159	8	13442420	A	T	-0.0039354	0.031952	0.90198	1191	1	NA	0.93692
rs2253107	8	14684039	A	G	0.020148	0.033651	0.54934	1191	1	NA	0.73979
rs976423	8	120656683	A	T	0.0022343	0.026058	0.93167	1191	1	NA	0.96892
rs4633062	8	123075186	A	G	-0.036937	0.021883	0.091423	1191	0	NA	1
rs2116082	8	125783578	T	C	0.0078586	0.02401	0.74343	1191	1	NA	0.9234
rs17448991	8	128314193	A	G	0.028481	0.026934	0.29031	1191	1	NA	0.92866
rs13280005	8	130436503	A	G	-0.0074731	0.021674	0.73025	1191	1	NA	0.98984
rs2334477	8	132735660	A	C	0.027137	0.037321	0.46714	1191	1	NA	0.98966
rs4736456	8	134590984	A	G	-0.030624	0.049702	0.5378	1191	1	NA	0.45891
rs4567073	8	136463671	G	A	0.058007	0.02351	0.013611	1191	1	NA	0.98832
rs2319078	8	140364058	G	T	-0.031149	0.053734	0.56213	1191	1	NA	0.9515
rs9772779	8	142848910	T	G	0.072605	0.039025	0.062814	1191	1	NA	0.92784
rs4377998	8	17967619	C	T	0.0072674	0.020346	0.72095	1191	1	NA	0.97322
rs2958568	8	19470466	C	A	0.014845	0.022049	0.50077	1191	1	NA	0.92256
rs4606049	8	21271431	A	G	0.022012	0.038484	0.56734	1191	1	NA	0.37896
rs1511392	8	23874397	G	A	0.014061	0.037088	0.70459	1191	1	NA	0.46702
rs3816067	8	26321223	G	A	-0.062774	0.070964	0.37638	1191	1	NA	0.64266
rs12543257	8	28125847	C	A	-0.079842	0.055108	0.14738	1191	1	NA	0.93307
rs9297171	8	31298593	T	C	-0.0094887	0.027823	0.73308	1191	1	NA	0.98045
rs16881601	8	34142036	A	G	-0.047946	0.032189	0.13635	1191	1	NA	0.96003
rs2726864	8	37603761	G	C	0.0025673	0.029756	0.93125	1191	1	NA	0.69162
rs7827040	8	41107680	T	C	-0.029559	0.027507	0.28254	1191	1	NA	0.55439
rs10963434	9	1806628	C	G	-0.01214	0.026466	0.64646	1191	1	NA	0.98932
rs10971806	9	3392870	A	G	0.0067003	0.042272	0.87406	1191	1	NA	0.98046
rs1360063	9	5157649	G	A	0.042778	0.023444	0.068053	1191	1	NA	0.91869
rs10976209	9	7295904	A	G	0.056833	0.03361	0.090848	1191	1	NA	0.91407
rs7030931	9	8680155	A	T	0.048996	0.026764	0.06715	1191	1	NA	0.98834
rs9314865	9	70991315	G	A	-0.015139	0.021036	0.47175	1191	1	NA	0.97517
rs4507836	9	76035595	A	T	-0.014563	0.022351	0.51469	1191	1	NA	0.99627
rs17062359	9	78096791	T	A	-0.052811	0.047517	0.26638	1191	1	NA	0.64487
rs3009706	9	80423506	T	G	-0.034189	0.023214	0.14081	1191	1	NA	0.87293
rs17260258	9	82443193	C	A	-0.0076714	0.031506	0.80762	1191	1	NA	0.94915
rs11139944	9	84988542	G	A	-0.046955	0.025367	0.064169	1191	1	NA	0.92722
rs2769604	9	87102619	A	G	-0.012796	0.021155	0.54527	1191	1	NA	0.9967
rs3118865	9	89513897	T	C	0.02819	0.021171	0.18302	1191	1	NA	0.92605
rs1426506	9	92188399	C	T	-0.004328	0.026359	0.86958	1191	1	NA	0.98305
rs10761188	9	94809982	A	G	-0.0038692	0.0234	0.86867	1191	1	NA	0.7917
rs7039008	9	97636955	A	C	-0.013839	0.022211	0.53324	1191	1	NA	0.99575
rs4742745	9	100616021	T	G	0.029415	0.022174	0.18465	1191	1	NA	0.95427
rs7045287	9	103302281	A	G	0.018746	0.038363	0.62509	1191	1	NA	0.94789
rs12342792	9	104972297	T	C	-0.0012935	0.051057	0.97979	1191	1	NA	0.95744
rs7023634	9	106771610	G	A	-0.029525	0.022579	0.19099	1191	0	NA	1
rs4978922	9	109186451	A	G	0.034364	0.022958	0.13444	1191	1	NA	0.99372
rs1533641	9	110951596	G	A	0.0029728	0.026202	0.90967	1191	1	NA	0.89281
rs4978978	9	112842254	C	G	-0.016632	0.027055	0.53874	1191	1	NA	0.96767
rs4445296	9	115148874	G	C	0.055821	0.034985	0.11058	1191	1	NA	0.98792
rs10982688	9	117143135	T	C	-0.012502	0.024348	0.60764	1191	1	NA	0.9246
rs291328	9	10077519	T	C	0.011986	0.022268	0.59041	1191	1	NA	0.97589
rs7859629	9	11600552	G	A	-0.019129	0.02224	0.38971	1191	1	NA	0.98966
rs1408319	9	13584200	C	T	-0.011552	0.023052	0.61629	1191	1	NA	0.96383
rs7033389	9	121406649	C	T	0.0029198	0.021159	0.89024	1191	1	NA	0.95831
rs17270056	9	127913941	T	C	-0.04819	0.028474	0.090567	1191	1	NA	0.80248
rs7848479	9	131279093	T	C	-0.01876	0.021311	0.37869	1191	1	NA	0.96319
rs10793926	9	134227002	T	C	-0.002756	0.04891	0.95506	1191	1	NA	0.94986
rs4841952	9	137043825	A	C	-0.007818	0.022204	0.72476	1191	0	NA	1
rs10118629	9	15286450	A	T	-0.0057974	0.023432	0.80459	1191	1	NA	0.96045
rs10756994	9	18860441	G	C	-0.021534	0.039314	0.58387	1191	1	NA	0.85458
rs3884620	9	20993372	A	G	-0.033714	0.035119	0.33706	1191	1	NA	0.86008
rs10965703	9	23204360	A	T	-0.019654	0.026523	0.45869	1191	1	NA	0.89188
rs4486294	9	25640430	A	T	0.0043955	0.025941	0.86545	1191	1	NA	0.67281
rs10812636	9	27651834	G	C	-0.040435	0.021527	0.060335	1191	1	NA	0.91685
rs10969161	9	29439180	C	G	-0.050559	0.054588	0.35434	1191	1	NA	0.97516
rs10970374	9	31460393	T	C	-0.019691	0.0435	0.65078	1191	1	NA	0.54748
rs10971627	9	33647523	T	C	0.0044135	0.020885	0.83264	1191	1	NA	0.98893
rs11815869	10	814693	C	T	-0.010607	0.03846	0.7827	1191	1	NA	0.77188
rs9329289	10	2532389	A	G	-0.0076521	0.02198	0.72774	1191	1	NA	0.99373
rs10795127	10	4139673	C	T	-0.0589	0.032384	0.068938	1191	1	NA	0.97474
rs2983363	10	51997415	T	C	0.021652	0.027469	0.43057	1191	1	NA	0.94053
rs7476743	10	54246576	C	T	0.029836	0.021219	0.15968	1191	1	NA	0.99423
rs11597868	10	55867909	T	C	0.0016434	0.024006	0.94542	1191	1	NA	0.77575
rs2170777	10	59876373	G	A	-0.051238	0.043662	0.24059	1191	1	NA	0.60287
rs10994548	10	62294582	G	A	0.0075061	0.030287	0.80426	1191	1	NA	0.94182
rs2228059	10	6042374	G	T	-0.00030594	0.020913	0.98833	1191	0	NA	1
rs10795741	10	9821810	T	G	0.029268	0.02159	0.17521	1191	1	NA	0.99207
rs3847326	10	65001865	G	A	-0.024024	0.021271	0.25872	1191	1	NA	0.96569
rs12258548	10	67286522	T	A	-0.042536	0.045213	0.34682	1191	1	NA	0.87662
rs7901697	10	69051161	A	G	-0.0046772	0.04338	0.91414	1191	1	NA	0.94106
rs10999204	10	71677312	A	G	0.0049724	0.022089	0.8219	1191	1	NA	0.97206
rs3009517	10	74068417	C	T	9.48E-05	0.02227	0.9966	1191	1	NA	0.99465
rs2588336	10	78179478	G	A	0.046387	0.038787	0.23172	1191	1	NA	0.97556
rs6480911	10	80364195	G	A	0.013686	0.021148	0.51755	1190	0	NA	1
rs11189879	10	83185221	T	C	-0.03146	0.036468	0.38831	1191	1	NA	0.93987
rs10787949	10	85223049	A	G	-0.023635	0.022247	0.28804	1191	1	NA	0.99404
rs2279649	10	87127783	A	G	-0.016909	0.021978	0.44169	1191	1	NA	0.86795
rs12266064	10	90161951	C	T	-0.028493	0.026111	0.27517	1191	1	NA	0.99266
rs1274328	10	92207735	A	G	-0.00029779	0.0213	0.98885	1191	1	NA	0.97202
rs10882755	10	97984005	A	G	0.024156	0.028956	0.40414	1191	1	NA	0.98247
rs2487883	10	100760324	C	T	-0.02038	0.029862	0.49495	1191	1	NA	0.94442
rs6892	10	104565860	G	A	-0.010285	0.025656	0.6885	1191	1	NA	0.9691
rs2058979	10	107411488	G	A	0.037924	0.030952	0.22047	1191	1	NA	0.92194
rs10787040	10	109492061	T	C	0.030251	0.022455	0.17792	1191	1	NA	0.89782
rs17127148	10	111922858	A	T	0.0005482	0.038062	0.98851	1191	1	NA	0.89799
rs17129806	10	114214629	T	C	-0.017167	0.062777	0.78451	1191	1	NA	0.39722
rs7099590	10	116739696	A	G	0.011808	0.022168	0.59425	1191	1	NA	0.9265
rs11257231	10	11753875	C	T	-0.015808	0.022191	0.47624	1191	0	NA	1
rs17549892	10	14002886	C	T	-0.070537	0.042022	0.09324	1191	1	NA	0.40699
rs2901229	10	122110500	C	A	0.010251	0.021526	0.63393	1191	1	NA	0.9449
rs10788284	10	124139907	C	T	5.60E-05	0.020823	0.99786	1191	1	NA	0.9835
rs9418731	10	128750961	A	G	-0.023635	0.025958	0.36256	1191	0	NA	1
rs1537699	10	130588846	A	G	-0.024201	0.031493	0.44222	1191	1	NA	0.5107
rs11017481	10	132490668	A	G	-0.0036346	0.022735	0.87298	1191	1	NA	0.98013
rs4838773	10	134748656	T	C	0.0067269	0.056638	0.90546	1191	1	NA	0.92017
rs6602068	10	16027899	T	A	0.018468	0.021433	0.38887	1191	1	NA	0.97904
rs7072642	10	18398113	A	G	0.010466	0.020529	0.61017	1191	0	NA	1
rs333688	10	20168607	A	G	-0.0026683	0.020307	0.89546	1191	0	NA	1
rs10764341	10	22920319	C	T	-0.018357	0.021107	0.38447	1191	1	NA	0.97073
rs1760758	10	25677075	A	C	0.033712	0.024553	0.16975	1191	1	NA	0.97334
rs627663	10	27812799	T	C	-0.036995	0.027403	0.17701	1191	1	NA	0.9699
rs11007614	10	29813042	C	T	-0.019744	0.029697	0.50615	1187	0	NA	1
rs2778652	10	32140134	A	C	0.0071193	0.023925	0.76603	1191	1	NA	0.97297
rs1274470	10	34517830	C	T	-0.017866	0.023529	0.44766	1191	1	NA	0.94619
rs2459442	10	37332756	A	G	-0.036015	0.022841	0.11485	1191	1	NA	0.94685
rs10899934	10	43695686	G	C	0.081873	0.047129	0.082346	1191	1	NA	0.97461
rs9422351	10	48223872	G	T	-0.01717	0.022808	0.45155	1191	1	NA	0.91824
rs4542390	11	3086529	A	G	0.0086725	0.021634	0.68851	1191	1	NA	0.98748
rs1509167	11	55377435	C	T	0.014413	0.027069	0.59441	1191	1	NA	0.99136
rs7116365	11	57751769	T	C	-0.016924	0.030082	0.5737	1191	1	NA	0.99257
rs595735	11	60710747	T	C	-0.0062122	0.020737	0.7645	1191	1	NA	0.99292
rs16917433	11	6700241	C	T	-0.014904	0.030871	0.62925	1191	1	NA	0.98951
rs1026021	11	8521354	C	T	0.013924	0.025003	0.57759	1155	0	NA	1
rs486311	11	65663818	T	A	-0.0024447	0.020963	0.90716	1191	1	NA	0.9952
rs12364162	11	70029734	A	C	0.026403	0.027144	0.33069	1191	0	NA	1
rs12798013	11	73834393	C	G	0.00333	0.033902	0.92175	1191	1	NA	0.98903
rs572541	11	77108877	A	G	-0.014487	0.024644	0.55664	1191	0	NA	1
rs7114202	11	79483902	C	T	0.010849	0.024423	0.65689	1190	0	NA	1
rs4278539	11	81275675	G	A	-0.0024739	0.023235	0.91521	1191	1	NA	0.97074
rs7108582	11	83508907	C	A	-0.046381	0.036993	0.20992	1191	0	NA	1
rs4485132	11	86202075	C	T	0.0086777	0.024795	0.72635	1191	1	NA	0.99247
rs1391954	11	88215613	T	G	-0.03216	0.020772	0.12157	1191	1	NA	0.99203
rs7101768	11	91232307	C	T	-0.0043751	0.036316	0.90411	1191	1	NA	0.94279
rs522596	11	93822796	T	C	0.017468	0.02454	0.47658	1191	1	NA	0.97569
rs10501864	11	96171790	C	A	-0.035013	0.026062	0.17912	1191	1	NA	0.89866
rs1026591	11	98302301	C	T	0.097825	0.042181	0.020387	1191	1	NA	0.72695
rs4121365	11	102111340	C	T	-0.0097939	0.0241	0.68446	1191	1	NA	0.93778
rs609552	11	104224935	G	A	0.018523	0.029032	0.52346	1191	1	NA	0.9925
rs11212198	11	106768340	C	T	-0.10584	0.050554	0.036292	1191	1	NA	0.97704
rs7111317	11	110092971	G	C	-0.052671	0.047626	0.26875	1191	1	NA	0.96737
rs2446879	11	114987948	T	C	-0.027976	0.027372	0.30675	1191	0	NA	1
rs580287	11	117263868	G	C	0.0051292	0.020317	0.80069	1191	1	NA	0.99219
rs11822107	11	11172286	G	A	0.00025273	0.03236	0.99377	1191	1	NA	0.8562
rs7101961	11	12942880	G	A	0.018365	0.027292	0.50102	1191	1	NA	0.99406
rs4936562	11	120247147	C	T	-0.022164	0.021338	0.29896	1191	1	NA	0.95586
rs7944977	11	122754192	C	T	-0.082283	0.04533	0.069493	1191	1	NA	0.91768
rs2298483	11	125000232	T	C	0.037955	0.028765	0.18702	1191	1	NA	0.93528
rs4495907	11	127032371	C	G	0.024508	0.029334	0.40343	1191	1	NA	0.99111
rs519419	11	129584444	G	C	-0.020182	0.022715	0.37428	1191	1	NA	0.88573
rs4072337	11	131529154	T	C	0.019239	0.02239	0.39019	1191	1	NA	0.98382
rs1595895	11	133674016	C	T	0.0075169	0.033616	0.82306	1191	1	NA	0.98643
rs12805912	11	15449408	C	G	0.016822	0.024015	0.48365	1191	1	NA	0.99555
rs1968730	11	18150402	C	A	0.015952	0.023644	0.49988	1191	1	NA	0.8778
rs7929060	11	20315278	A	G	-0.049277	0.031221	0.11449	1191	1	NA	0.84228
rs10833755	11	22391095	A	G	0.032933	0.028911	0.25466	1191	1	NA	0.52512
rs11027978	11	24508311	T	C	0.081408	0.042203	0.053736	1191	1	NA	0.97971
rs716701	11	26347142	C	T	-0.015743	0.020742	0.44785	1191	0	NA	1
rs10835489	11	29116516	A	G	0.019354	0.030059	0.51967	1191	1	NA	0.99216
rs7123725	11	32311912	T	G	-0.019169	0.027452	0.48501	1191	1	NA	0.9467
rs12796256	11	36975684	G	T	-0.15485	0.083371	0.063253	1191	1	NA	0.34765
rs769866	11	39705881	C	T	0.0054939	0.026553	0.83609	1191	1	NA	0.8192
rs4306287	11	41873917	C	T	-0.0064869	0.025973	0.80278	1191	1	NA	0.92997
rs9651617	11	44159659	C	T	-0.0166	0.038872	0.66934	1191	1	NA	0.98914
rs3781619	11	47211893	A	G	-0.044229	0.028206	0.11687	1191	1	NA	0.9799
rs7967890	12	1823251	C	T	-0.048585	0.045696	0.28769	1191	1	NA	0.94841
rs11063036	12	4182970	G	T	0.090873	0.054551	0.095744	1191	1	NA	0.61207
rs12818575	12	51270887	T	C	0.0013217	0.023133	0.95444	1191	1	NA	0.9957
rs7305194	12	54260949	C	T	-0.039145	0.021312	0.066251	1191	1	NA	0.99514
rs2951468	12	60731556	A	C	-0.04665	0.025208	0.064223	1191	1	NA	0.93309
rs407546	12	63623649	A	G	0.028415	0.021346	0.18314	1191	1	NA	0.99309
rs2239140	12	6070704	T	C	-0.035671	0.022103	0.10656	1191	1	NA	0.8834
rs10844609	12	9767772	T	C	0.0060948	0.023646	0.7966	1191	1	NA	0.87579
rs10878631	12	66250993	A	G	-0.0072937	0.024663	0.76743	1191	1	NA	0.71771
rs10748140	12	68564150	A	C	-0.017487	0.02176	0.42163	1191	1	NA	0.96069
rs10506746	12	76410953	A	G	0.024802	0.027662	0.36994	1191	1	NA	0.95383
rs7976869	12	84443443	A	G	0.0052504	0.047563	0.9121	1190	0	NA	1
rs3782181	12	87477692	C	A	0.016991	0.02707	0.53023	1191	1	NA	0.97849
rs12809259	12	90412628	A	G	0.032271	0.043922	0.4625	1191	1	NA	0.897
rs4237888	12	93008672	C	T	-0.0053739	0.026013	0.83633	1191	1	NA	0.90825
rs7967678	12	95390496	G	C	0.028566	0.020917	0.17203	1191	1	NA	0.98884
rs201430	12	97723329	T	C	0.013777	0.020859	0.50894	1191	1	NA	0.95537
rs825045	12	100569162	T	A	0.045334	0.042806	0.28957	1191	1	NA	0.96684
rs10778321	12	103226470	T	C	-0.024203	0.020539	0.23862	1191	1	NA	0.99126
rs1921952	12	105248824	A	G	-0.0041658	0.021941	0.84942	1191	1	NA	0.97147
rs11066360	12	108272415	G	C	-0.022689	0.022202	0.30682	1191	1	NA	0.98616
rs9788061	12	112838105	C	T	-0.0068441	0.02071	0.74104	1191	1	NA	0.98361
rs1647108	12	114714782	G	C	0.0030114	0.021946	0.89086	1191	1	NA	0.96434
rs7960860	12	117532673	T	G	0.017304	0.023156	0.4549	1191	1	NA	0.98309
rs11830399	12	14848199	G	C	0.0061166	0.020919	0.76998	1191	1	NA	0.98178
rs1449562	12	120772268	A	G	0.022074	0.020845	0.28961	1191	1	NA	0.97776
rs4542471	12	124615697	C	T	-0.0099334	0.023332	0.6703	1191	1	NA	0.86353
rs180785	12	126611961	C	G	0.0052442	0.027852	0.85065	1191	1	NA	0.61979
rs10847868	12	128469416	T	C	-0.021216	0.034005	0.53268	1191	1	NA	0.77508
rs7958729	12	130435032	C	T	0.016884	0.021332	0.42865	1191	1	NA	0.94486
rs6487050	12	19956705	T	C	-0.036822	0.020678	0.074954	1174	0	NA	1
rs2216227	12	22315767	T	C	0.0011273	0.02398	0.96251	1191	1	NA	0.96343
rs2291263	12	26702083	G	T	0.0029869	0.027325	0.91296	1191	1	NA	0.99402
rs1873108	12	28990122	C	T	-0.00072496	0.021025	0.97249	1191	0	NA	1
rs16906532	12	30597617	T	C	-0.10522	0.035926	0.0034044	1186	0	NA	1
rs10771994	12	32832969	C	A	0.023404	0.021917	0.28559	1191	1	NA	0.99374
rs7313545	12	37796071	A	G	-0.023124	0.025162	0.35809	1191	1	NA	0.92062
rs280362	12	39700624	C	A	-0.010138	0.041965	0.8091	1191	1	NA	0.96242
rs2019499	12	41860068	T	C	0.061629	0.037165	0.097267	1191	1	NA	0.89897
rs7973870	12	44801226	G	A	-0.041976	0.030698	0.1715	1191	1	NA	0.94283
rs2293445	12	47685129	A	G	0.011944	0.02348	0.61097	1191	1	NA	0.82334
rs4884402	13	52777328	T	A	0.0029623	0.020736	0.8864	1191	1	NA	0.99316
rs9527415	13	55050353	G	A	0.042419	0.023405	0.069921	1191	1	NA	0.93449
rs9597832	13	58229649	G	A	0.024751	0.025286	0.32766	1191	1	NA	0.87851
rs186201	13	60333283	G	A	-0.054461	0.033345	0.10241	1191	1	NA	0.98115
rs9539668	13	62664685	C	T	-0.041237	0.04037	0.30704	1191	1	NA	0.96656
rs2100710	13	67895153	T	A	-0.024775	0.02204	0.26097	1191	1	NA	0.98466
rs663953	13	69619508	C	T	-0.0097245	0.024191	0.68769	1191	1	NA	0.87722
rs17089386	13	71929388	C	T	0.0031157	0.05634	0.9559	1191	1	NA	0.88845
rs1326724	13	74023442	T	G	-0.025126	0.04276	0.5568	1191	1	NA	0.57669
rs6562962	13	76111186	T	C	-0.014324	0.020239	0.47909	1191	0	NA	1
rs17074455	13	81015975	G	A	0.03157	0.029706	0.2879	1191	1	NA	0.9626
rs4454845	13	83532024	A	G	0.0045959	0.023511	0.84502	1191	1	NA	0.84638
rs9518596	13	85723976	T	G	0.0018159	0.024543	0.94102	1191	0	NA	1
rs17556751	13	90839556	G	A	0.059566	0.037266	0.10996	1191	1	NA	0.84706
rs4771878	13	93155027	A	G	0.012422	0.021175	0.55744	1191	1	NA	0.97817
rs1299066	13	98230873	C	A	0.014118	0.02036	0.48803	1191	1	NA	0.97399
rs12863308	13	100607424	T	C	0.018564	0.023045	0.42049	1191	1	NA	0.91699
rs1764773	13	104213047	G	T	-0.027467	0.042824	0.52127	1191	1	NA	0.63321
rs9558798	13	106072243	C	T	-0.0087265	0.045651	0.8484	1191	1	NA	0.97189
rs964009	13	108073808	G	C	-0.024754	0.042826	0.56325	1191	1	NA	0.74442
rs2477914	13	109975186	A	T	0.019286	0.024354	0.42841	1191	1	NA	0.86398
rs2993292	13	112711132	G	A	0.0011858	0.020775	0.95448	1190	0	NA	1
rs11617302	13	23704058	C	T	0.0059665	0.021314	0.77953	1190	0	NA	1
rs4769659	13	28480742	G	C	-0.0039165	0.020817	0.85077	1191	1	NA	0.98763
rs9569350	13	30571689	A	T	-0.011629	0.030389	0.70197	1191	1	NA	0.80651
rs7321308	13	32804280	T	C	0.026516	0.026417	0.31549	1191	1	NA	0.91983
rs943220	13	35337252	A	G	0.085539	0.032983	0.0095025	1191	1	NA	0.40085
rs10507462	13	37356996	T	C	-0.054097	0.03538	0.12625	1191	1	NA	0.93228
rs7984035	13	39593770	T	G	-0.022038	0.022468	0.32666	1191	0	NA	1
rs9525660	13	42147509	G	A	-0.0096301	0.034155	0.77798	1191	1	NA	0.99093
rs3809353	13	44592522	A	T	0.0019863	0.037357	0.9576	1191	1	NA	0.92198
rs9316301	13	46927224	G	A	-0.0094649	0.047628	0.84248	1191	1	NA	0.98115
rs200217	13	49850108	T	G	0.14581	0.06874	0.033901	1191	1	NA	0.55209
rs2356455	14	50162892	A	G	-0.0126	0.020627	0.54132	1191	0	NA	1
rs2025632	14	52364069	T	C	-0.0047629	0.032315	0.88282	1191	1	NA	0.9873
rs17128690	14	55228579	G	A	-0.013341	0.023273	0.56649	1191	1	NA	0.99528
rs17093637	14	57288012	G	A	-0.0039034	0.026139	0.88129	1191	0	NA	1
rs8011227	14	59788029	G	A	0.030372	0.023174	0.19	1191	1	NA	0.98728
rs1956673	14	62578926	A	G	-0.0066657	0.028376	0.81428	1191	1	NA	0.93979
rs2001998	14	68629271	T	G	0.022376	0.022474	0.31944	1191	1	NA	0.95616
rs4902979	14	71578408	G	C	0.019873	0.057358	0.72899	1191	1	NA	0.96637
rs11848876	14	74294379	G	C	0.05523	0.021394	0.009834	1191	1	NA	0.99501
rs2267750	14	77150421	C	A	0.047215	0.020827	0.023393	1191	1	NA	0.97046
rs990365	14	79408089	T	A	0.029865	0.024707	0.22676	1191	1	NA	0.9902
rs1911223	14	82036723	C	A	0.025287	0.020695	0.22176	1191	0	NA	1
rs12586747	14	84356082	A	G	0.0082587	0.030943	0.78955	1191	1	NA	0.8581
rs2146971	14	89243206	T	C	0.048696	0.036903	0.18697	1191	1	NA	0.77402
rs10141852	14	91993684	C	G	-0.0038093	0.026989	0.88776	1191	1	NA	0.87618
rs8010251	14	94265343	G	C	0.0093764	0.02241	0.67565	1191	1	NA	0.8562
rs11847642	14	96222951	G	A	-0.017667	0.024467	0.47026	1191	1	NA	0.96785
rs17610120	14	98259848	T	C	-0.025355	0.055051	0.64511	1191	1	NA	0.94026
rs12437184	14	100904965	G	A	-0.021636	0.044211	0.62456	1189	0	NA	1
rs2105989	14	106209261	T	C	0.01463	0.021298	0.49213	1191	1	NA	0.99544
rs1263799	14	21046932	C	A	-0.01422	0.02084	0.49503	1191	1	NA	0.99584
rs222685	14	23131136	C	T	0.028605	0.020957	0.17226	1191	1	NA	0.98607
rs1954151	14	25450770	T	C	-0.01938	0.027327	0.47821	1191	1	NA	0.5732
rs1950803	14	28141427	T	C	-0.0081234	0.027279	0.76587	1191	1	NA	0.89763
rs9322886	14	31546738	G	A	-0.0078983	0.022156	0.72148	1191	1	NA	0.94457
rs1431054	14	33658277	T	C	0.036426	0.02612	0.16315	1191	1	NA	0.95362
rs17105951	14	36551563	A	G	0.016895	0.026593	0.52522	1191	1	NA	0.95331
rs8014390	14	39496171	C	A	-0.11529	0.059781	0.05379	1191	1	NA	0.83707
rs2626415	14	41912268	C	G	0.0080023	0.021717	0.71251	1191	1	NA	0.99542
rs11848334	14	44459861	A	T	-0.038875	0.045786	0.39585	1191	1	NA	0.93466
rs10873013	14	47369661	C	A	0.030952	0.020794	0.13661	1191	1	NA	0.99685
rs11071065	15	52341892	T	C	-0.0070284	0.020587	0.73281	1191	0	NA	1
rs2962994	15	55129991	A	G	-0.046309	0.025079	0.064822	1191	1	NA	0.99127
rs12906670	15	59463611	A	G	-0.035176	0.021678	0.10467	1191	1	NA	0.99346
rs4776681	15	61886816	T	A	0.0082841	0.032627	0.79957	1191	1	NA	0.99225
rs956129	15	65416229	A	G	0.062263	0.020844	0.0028157	1190	0	NA	1
rs12912024	15	68372986	C	T	0.06856	0.025145	0.0064002	1191	0	NA	1
rs11072464	15	72092235	A	G	0.00066595	0.021983	0.97583	1191	1	NA	0.95972
rs12914703	15	76455366	A	T	-0.01885	0.027099	0.48667	1191	1	NA	0.74319
rs1077540	15	78885148	C	T	-0.048082	0.021688	0.026624	1142	0	NA	1
rs6496586	15	83341771	A	G	0.018487	0.030933	0.55008	1191	1	NA	0.89138
rs8033002	15	85340248	C	G	-0.027406	0.052235	0.59982	1191	1	NA	0.95867
rs11637827	15	88078155	G	A	0.0064174	0.022571	0.77616	1191	0	NA	1
rs3759919	15	90736276	A	T	0.00018222	0.032242	0.99549	1191	1	NA	0.94053
rs10520749	15	92708692	C	T	-0.0085402	0.023882	0.72064	1191	1	NA	0.86912
rs4447389	15	95030328	A	G	-0.097946	0.03576	0.0061629	1191	1	NA	0.78879
rs7175406	15	97412498	G	T	-0.048064	0.034533	0.16398	1191	1	NA	0.40302
rs2277586	15	99751389	G	A	-0.041076	0.032362	0.20434	1191	1	NA	0.91697
rs7164968	15	23354702	T	C	0.021877	0.026739	0.41327	1188	0	NA	1
rs4778174	15	25643161	G	A	0.016602	0.021578	0.44166	1191	0	NA	1
rs2054015	15	34669699	T	C	0.0056872	0.021153	0.78804	1191	1	NA	0.97142
rs8032387	15	40192011	C	T	-0.062719	0.036331	0.084294	1191	1	NA	0.98663
rs990380	15	44636431	G	A	0.02011	0.020742	0.33226	1191	1	NA	0.99236
rs2457228	15	47244893	G	A	0.012968	0.020693	0.53086	1191	0	NA	1
rs2238439	16	3971349	A	G	-0.056663	0.024853	0.022614	1191	0	NA	1
rs12596862	16	52586733	C	A	-0.0074444	0.033564	0.82447	1191	1	NA	0.79911
rs9936020	16	57435533	T	G	0.011639	0.03387	0.73111	1191	0	NA	1
rs8048207	16	60335596	T	C	0.033124	0.043096	0.44212	1191	0	NA	1
rs4522437	16	63186248	G	A	0.00079013	0.020474	0.96922	1191	1	NA	0.99456
rs9933445	16	6160320	T	C	0.0049377	0.029967	0.86912	1191	1	NA	0.96771
rs7198251	16	7411607	C	A	-0.010714	0.030186	0.72265	1191	1	NA	0.88703
rs4985000	16	8783778	G	C	-0.024915	0.023534	0.28974	1191	1	NA	0.91514
rs6499157	16	66662975	C	A	-0.013365	0.027062	0.6214	1191	1	NA	0.95282
rs9929501	16	74518019	A	G	-0.059572	0.028962	0.039694	1191	1	NA	0.97366
rs8059479	16	76310893	C	T	0.013252	0.025623	0.60501	1191	1	NA	0.92247
rs1120114	16	77625818	T	C	0.0066464	0.024829	0.78894	1191	1	NA	0.88061
rs12447614	16	79065148	G	A	0.020243	0.023161	0.38211	1191	1	NA	0.96843
rs1809717	16	80960579	T	G	0.055802	0.029917	0.062146	1191	1	NA	0.90274
rs12445499	16	82145887	G	A	0.0023511	0.023555	0.92049	1191	1	NA	0.97367
rs2244450	16	83468001	G	C	-0.059791	0.02766	0.030647	1191	1	NA	0.72265
rs9674202	16	85230442	C	T	0.016592	0.021788	0.44635	1191	0	NA	1
rs1344515	16	10691861	C	G	-0.038794	0.027543	0.15898	1191	1	NA	0.83849
rs9302491	16	12819501	C	T	0.028088	0.027695	0.31048	1191	1	NA	0.98439
rs4148373	16	16119605	T	C	0.012803	0.04233	0.76231	1191	0	NA	1
rs11646496	16	20107850	A	G	0.021788	0.030486	0.4748	1191	1	NA	0.85729
rs8048828	16	24266934	G	A	0.025448	0.020999	0.22558	1191	1	NA	0.94264
rs12934959	16	26802818	A	G	0.017595	0.067337	0.79386	1191	1	NA	0.44032
rs16945609	16	46391531	A	G	0.036847	0.059324	0.53453	1191	1	NA	0.94277
rs7499584	16	49796918	A	G	0.033121	0.021945	0.13123	1191	1	NA	0.9868
rs12945461	17	3190200	C	T	-0.041697	0.021591	0.053455	1191	1	NA	0.9934
rs7212825	17	55123980	G	A	0.020934	0.035318	0.55336	1191	1	NA	0.98383
rs2159544	17	60788279	A	G	-0.0084717	0.023323	0.71643	1191	1	NA	0.95918
rs7208713	17	5998767	C	A	-0.022645	0.054115	0.67561	1191	1	NA	0.51866
rs11078799	17	9263439	A	G	-0.015945	0.023349	0.49466	1191	1	NA	0.78939
rs8077521	17	66435046	G	A	0.034942	0.0249	0.16054	1191	1	NA	0.99443
rs6501626	17	68864232	T	G	-0.020898	0.02192	0.34039	1191	1	NA	0.88206
rs2410993	17	72130466	T	C	-0.017283	0.025563	0.49898	1191	1	NA	0.84233
rs4789888	17	74839252	T	C	-0.073104	0.036129	0.043029	1191	1	NA	0.80202
rs2322052	17	11644853	A	G	-0.0021924	0.022935	0.92385	1191	1	NA	0.94727
rs2158978	17	14036407	C	T	-0.0066811	0.021048	0.75092	1191	1	NA	0.99044
rs11651187	17	16786127	A	T	0.026264	0.024186	0.27751	1191	1	NA	0.98733
rs11653494	17	22366582	A	G	-0.02945	0.025368	0.24568	1191	1	NA	0.98899
rs8074061	17	27625458	C	T	0.010473	0.022919	0.64771	1191	1	NA	0.97721
rs12939410	17	33285046	A	G	-0.0080164	0.05435	0.88274	1191	1	NA	0.6392
rs799906	17	38531642	C	T	0.00098317	0.021975	0.96431	1191	1	NA	0.99474
rs11870781	17	42738294	T	C	0.023789	0.044958	0.59671	1191	1	NA	0.98206
rs7212007	17	46655072	C	T	-0.002068	0.049395	0.9666	1191	1	NA	0.96975
rs2940621	17	49065907	T	C	-5.01E-05	0.030047	0.99867	1191	1	NA	0.93417
rs600220	18	208285	A	G	-0.012832	0.022294	0.5649	1191	1	NA	0.99615
rs12607104	18	4799662	C	G	-0.011171	0.025561	0.66207	1191	1	NA	0.98615
rs17733784	18	51870923	C	T	0.037561	0.022508	0.095161	1191	1	NA	0.85258
rs17669	18	54269473	C	T	0.017792	0.024978	0.47626	1191	1	NA	0.93468
rs12968890	18	56473723	G	A	-0.043655	0.02117	0.0392	1191	1	NA	0.96154
rs637740	18	61000410	A	C	0.045423	0.028288	0.10833	1191	1	NA	0.99244
rs12964563	18	63281989	G	C	-0.015223	0.034243	0.65663	1191	1	NA	0.95048
rs449140	18	7160578	T	C	0.033783	0.02164	0.11849	1191	1	NA	0.99325
rs9304040	18	9548240	A	G	0.02766	0.028915	0.33878	1191	1	NA	0.94923
rs12959185	18	65278270	C	T	0.018165	0.023641	0.44226	1191	1	NA	0.98313
rs4316862	18	67514747	C	T	0.013235	0.029401	0.6526	1191	1	NA	0.58346
rs7240456	18	69465045	T	C	0.0040966	0.02261	0.85622	1191	1	NA	0.85412
rs17057533	18	71479235	T	G	0.11354	0.058905	0.053927	1191	1	NA	0.91866
rs6566003	18	73385557	C	T	0.0084269	0.020719	0.68421	1191	1	NA	0.98506
rs16976627	18	11736664	A	G	-0.045589	0.027615	0.098759	1191	1	NA	0.88908
rs7241299	18	17546515	G	A	0.018614	0.040107	0.64258	1191	0	NA	1
rs7239827	18	20702547	G	A	0.027785	0.041832	0.50656	1191	1	NA	0.96095
rs9958092	18	23420778	G	A	0.041756	0.020634	0.043004	1191	1	NA	0.98175
rs1440825	18	25631784	C	T	0.0027109	0.020855	0.89657	1191	1	NA	0.97696
rs8092245	18	27999780	A	C	0.042647	0.024169	0.077635	1188	0	NA	1
rs11662715	18	31013083	C	T	0.07355	0.034923	0.035198	1191	1	NA	0.58903
rs1905517	18	33896289	A	G	-0.024518	0.021377	0.2514	1191	1	NA	0.99482
rs1554945	18	36318755	T	C	-0.043047	0.036379	0.23669	1191	1	NA	0.97913
rs17716283	18	38801255	A	G	0.00097527	0.031993	0.97568	1191	1	NA	0.92277
rs1345494	18	41381864	C	G	0.017589	0.02513	0.48398	1191	1	NA	0.98266
rs9304360	18	44083858	A	G	-0.024218	0.028277	0.39174	1191	1	NA	0.9035
rs1975479	18	46521291	A	G	-0.055674	0.043673	0.20239	1191	1	NA	0.65228
rs4506980	18	48851652	A	G	0.029662	0.021897	0.17555	1191	1	NA	0.93152
rs2251519	19	4892456	T	C	-0.011202	0.023718	0.63671	1191	0	NA	1
rs12609406	19	52302968	A	G	-0.022647	0.02291	0.3229	1191	1	NA	0.99126
rs273674	19	56361471	C	A	-0.031676	0.045296	0.48435	1191	1	NA	0.95458
rs8109631	19	58771956	A	G	0.022593	0.024485	0.35614	1191	1	NA	0.93926
rs4801194	19	62165323	A	G	0.011329	0.022495	0.61453	1191	0	NA	1
rs1559172	19	8931225	G	C	0.0038887	0.02816	0.89016	1191	1	NA	0.98359
rs8108058	19	13750589	T	C	-0.066876	0.025306	0.0082252	1191	1	NA	0.93516
rs10419687	19	17650409	T	G	-0.016521	0.021097	0.43355	1190	0	NA	1
rs10404322	19	21902509	G	A	-0.036796	0.022488	0.10178	1191	1	NA	0.98966
rs12608944	19	33693363	C	G	-0.029096	0.037059	0.43238	1191	1	NA	0.98586
rs2270094	19	43531979	C	T	0.0082464	0.025321	0.74467	1191	1	NA	0.98871
rs6041150	20	1218094	A	G	-0.017193	0.028779	0.55022	1191	1	NA	0.9869
rs651208	20	3495772	G	A	-0.014643	0.024028	0.54224	1191	1	NA	0.99458
rs6063779	20	50397558	G	A	0.00090816	0.025871	0.972	1191	1	NA	0.95229
rs6014027	20	52521035	G	A	0.017971	0.034344	0.60079	1191	1	NA	0.88744
rs6024982	20	54604734	A	T	-0.027734	0.030475	0.36279	1191	1	NA	0.48545
rs11699206	20	56588886	C	G	0.017145	0.046885	0.7146	1191	1	NA	0.60317
rs4812206	20	58769211	T	C	0.0060626	0.026549	0.81937	1191	1	NA	0.95044
rs6011536	20	61124124	T	C	0.028305	0.023421	0.22686	1191	1	NA	0.93463
rs1294718	20	5757302	T	G	0.0021774	0.022349	0.92239	1191	1	NA	0.87954
rs6133455	20	7601778	G	T	-0.028565	0.030723	0.3525	1191	1	NA	0.87173
rs6077576	20	9574681	T	C	-0.011772	0.022515	0.60109	1191	1	NA	0.99223
rs2144641	20	11466428	A	G	-0.022943	0.022265	0.30281	1191	1	NA	0.99459
rs3789342	20	13447041	A	C	0.015946	0.02118	0.45153	1191	1	NA	0.95169
rs1362512	20	15599887	A	G	0.0052245	0.021256	0.80585	1191	0	NA	1
rs6046035	20	19312994	C	T	0.032059	0.02103	0.12739	1191	1	NA	0.97866
rs6113283	20	21521233	T	G	-0.00087043	0.025018	0.97225	1191	1	NA	0.97347
rs6114319	20	23753520	G	C	0.024424	0.025762	0.3431	1191	1	NA	0.9405
rs6088857	20	29690425	C	G	0.006789	0.026591	0.79848	1191	1	NA	0.99154
rs2425237	20	34447147	G	A	-0.00044284	0.021389	0.98348	1191	1	NA	0.98569
rs6102774	20	40386328	T	C	-0.017528	0.023225	0.45043	1190	0	NA	1
rs6017414	20	42814589	G	A	-0.00066847	0.04149	0.98715	1191	1	NA	0.55144
rs6094629	20	45276490	A	G	0.028269	0.029344	0.33538	1191	1	NA	0.60585
rs6067191	20	47758961	A	G	0.0076329	0.024933	0.7595	1191	1	NA	0.76001
rs17275030	21	15554193	T	C	0.14985	0.061709	0.015171	1191	1	NA	0.86577
rs1735802	21	20767387	T	G	-0.041909	0.027202	0.12339	1191	1	NA	0.98463
rs11910318	21	22985327	T	C	-0.091682	0.093684	0.32776	1191	1	NA	0.3868
rs2829465	21	25216178	G	A	-0.01649	0.021142	0.43539	1191	0	NA	1
rs151452	21	27562578	T	A	-0.0076538	0.021086	0.71662	1191	1	NA	0.97748
rs7277926	21	29932639	C	G	0.01487	0.021476	0.48868	1191	1	NA	0.98585
rs2833740	21	32532201	G	A	0.031959	0.032086	0.31922	1191	1	NA	0.83831
rs2834833	21	35495860	C	G	0.033969	0.032378	0.29411	1191	1	NA	0.97121
rs2835945	21	38057170	A	G	-0.037473	0.021567	0.082303	1191	0	NA	1
rs2837249	21	40141997	A	G	-0.0012939	0.022093	0.9533	1191	1	NA	0.99495
rs2276232	21	42165066	C	A	-0.008272	0.020802	0.69088	1191	1	NA	0.96325
rs7277916	21	44454021	A	C	-0.019517	0.034662	0.57339	1191	1	NA	0.83211
rs11703901	22	15787566	T	C	-0.0011604	0.027767	0.96666	1191	0	NA	1
rs2238799	22	18489325	G	A	-0.023604	0.022187	0.28738	1191	1	NA	0.98876
rs140179	22	22405670	T	A	-0.016811	0.023103	0.46683	1191	1	NA	0.8659
rs529453	22	25120039	C	T	0.034329	0.021972	0.1182	1191	1	NA	0.92249
rs742547	22	26742908	G	T	-0.040461	0.024284	0.095688	1191	1	NA	0.92795
rs5998068	22	30373835	G	A	0.026384	0.036261	0.46685	1191	1	NA	0.97386
rs5755730	22	34158300	C	T	0.0086192	0.020946	0.68071	1191	0	NA	1
rs4821757	22	36918456	A	G	-0.017758	0.030117	0.55543	1191	1	NA	0.99039
rs11705036	22	41154202	G	C	0.040905	0.041436	0.32355	1191	1	NA	0.88517
rs12484057	22	43307397	A	G	0.0094114	0.041345	0.81993	1191	1	NA	0.64898
rs9615427	22	45723034	T	C	0.0085577	0.038661	0.82482	1191	1	NA	0.97502
rs761783	22	47417254	T	G	0.053364	0.030233	0.077552	1191	1	NA	0.94492
